7.2180200e-01 1.8457548e-02 1.5870982e+00 2.5712073e+00 -3.2854917e-03 -7.1570026e-03 9.9996182e-01 -3.7869512e-03
1.1388469e+00 -7.2522894e-02 1.5245326e+00 4.9535972e+00 -6.0708791e-03 -1.0264839e-02 9.9991886e-01 -4.4784674e-03
1.5558641e+00 -1.7173371e-01 1.4740918e+00 7.5682694e+00 -8.1728013e-03 2.4170064e-04 9.9996601e-01 -1.0581903e-03
1.9728351e+00 -2.5724031e-01 1.4311763e+00 1.0413683e+01 -1.0861128e-02 -4.8770246e-03 9.9992912e-01 -2.5579664e-05
2.3899031e+00 -2.9918815e-01 1.4081529e+00 1.3537121e+01 -1.2477963e-02 3.7539320e-03 9.9991361e-01 -1.7259773e-03
2.8068850e+00 -3.6008170e-01 1.3919023e+00 1.6972504e+01 -1.3229848e-02 -4.2661365e-03 9.9989729e-01 -3.4902123e-03
3.2238219e+00 -4.6558461e-01 1.3060374e+00 2.0596806e+01 -1.1935075e-02 -6.6757769e-03 9.9990562e-01 -1.3219342e-03
3.6406009e+00 -5.8096574e-01 1.2231982e+00 2.4408791e+01 -1.0483331e-02 -8.4161697e-03 9.9990606e-01 2.6707037e-03
4.0574269e+00 -6.9296395e-01 1.1154385e+00 2.8389805e+01 -1.1316522e-02 -6.8399987e-03 9.9990706e-01 3.3191440e-03
4.4742301e+00 -8.2518833e-01 1.0195698e+00 3.2483085e+01 -1.2757150e-02 -5.9072789e-03 9.9989468e-01 3.6049198e-03
4.8909330e+00 -9.7009717e-01 9.4347513e-01 3.6730245e+01 -1.2766525e-02 -3.1638450e-03 9.9990683e-01 3.6517886e-03
5.3076680e+00 -1.0889964e+00 8.6954161e-01 4.1027576e+01 -1.4698572e-02 -6.8930908e-05 9.9988344e-01 4.1297350e-03
5.7245181e+00 -1.2726865e+00 7.9449259e-01 4.5351291e+01 -1.4962977e-02 -4.3905917e-03 9.9986100e-01 5.9001710e-03
6.1413419e+00 -1.4357324e+00 7.0995083e-01 4.9679441e+01 -1.5602830e-02 -5.0592849e-04 9.9985976e-01 6.0626346e-03
6.5581710e+00 -1.5798318e+00 6.3959289e-01 5.3994661e+01 -1.5694336e-02 -6.2428783e-03 9.9985050e-01 3.7015652e-03
6.9749031e+00 -1.7147149e+00 5.4005546e-01 5.8301201e+01 -1.5716275e-02 9.9102597e-04 9.9986712e-01 4.2138700e-03
7.3915839e+00 -1.8521516e+00 4.8217816e-01 6.2583751e+01 -1.4448568e-02 -4.0513656e-03 9.9988676e-01 1.1403803e-03
7.8082690e+00 -2.0199956e+00 3.8824662e-01 6.6953159e+01 -1.3626200e-02 -4.2374331e-03 9.9989009e-01 4.0232837e-03
8.2249000e+00 -2.1482330e+00 2.9447829e-01 7.1289852e+01 -1.3680461e-02 -1.0353908e-03 9.9989630e-01 4.3784036e-03
8.6415131e+00 -2.2704715e+00 2.2127632e-01 7.5582357e+01 -1.3862578e-02 -2.4797785e-03 9.9989195e-01 4.2163393e-03
9.0580781e+00 -2.4127134e+00 1.6129716e-01 7.9844146e+01 -1.6170746e-02 1.6757241e-03 9.9985659e-01 4.7432796e-03
9.4746709e+00 -2.5877567e+00 1.0843947e-01 8.4068120e+01 -1.7693587e-02 8.5678363e-04 9.9983595e-01 3.7791016e-03
9.8912020e+00 -2.7423453e+00 2.8992599e-02 8.8051477e+01 -2.0497438e-02 2.7428915e-03 9.9978043e-01 3.3807016e-03
1.0307789e+01 -2.9317585e+00 -2.0406076e-02 9.1611108e+01 -2.6582205e-02 3.0924064e-03 9.9963701e-01 3.1104058e-03
1.0724470e+01 -3.1390564e+00 -5.8576269e-02 9.4826208e+01 -3.2578049e-02 5.9130803e-03 9.9943714e-01 5.3944358e-03
1.1141274e+01 -3.4118484e+00 -9.5957411e-02 9.7557948e+01 -3.8091966e-02 8.7934743e-04 9.9924437e-01 7.6754447e-03
1.1558437e+01 -3.6000784e+00 -1.3278359e-01 9.9776192e+01 -3.2460771e-02 1.7556587e-03 9.9939607e-01 1.2276423e-02
1.1975840e+01 -3.6882481e+00 -1.7917441e-01 1.0163825e+02 -9.7836408e-03 4.6039424e-03 9.9985586e-01 1.3089776e-02
1.2393676e+01 -3.6060670e+00 -1.9831474e-01 1.0329754e+02 3.0229099e-02 -5.7312372e-05 9.9948461e-01 1.0803046e-02
1.2811870e+01 -3.2639916e+00 -2.1667972e-01 1.0479563e+02 8.9351878e-02 -2.7610858e-03 9.9597289e-01 6.8272174e-03
1.3229920e+01 -2.8603711e+00 -2.7072120e-01 1.0618234e+02 1.7646079e-01 -3.7298403e-03 9.8428717e-01 5.1426086e-03
1.3647660e+01 -2.1204106e+00 -2.9796727e-01 1.0738988e+02 2.7342922e-01 -4.1423072e-03 9.6187832e-01 3.0667056e-03
1.4065135e+01 -1.1638939e+00 -3.4065670e-01 1.0838034e+02 3.6679272e-01 -7.6975445e-03 9.3022092e-01 9.6383829e-03
1.4482466e+01 7.8195408e-03 -3.7143781e-01 1.0922003e+02 4.6861841e-01 -5.7533902e-03 8.8335529e-01 6.8632232e-03
1.4899712e+01 1.3750040e+00 -4.1253847e-01 1.0989043e+02 5.6864535e-01 -1.8029981e-03 8.2255542e-01 6.4647788e-03
1.5316241e+01 3.0530112e+00 -4.1595621e-01 1.1019959e+02 6.3991538e-01 -9.3252625e-03 7.6837806e-01 4.0631018e-03
1.5731939e+01 4.9331241e+00 -4.9162594e-01 1.1038593e+02 6.7989966e-01 -9.0109033e-04 7.3327410e-01 6.6884980e-03
1.6147636e+01 7.1373964e+00 -5.1675908e-01 1.1039699e+02 7.0731353e-01 -1.0003381e-02 7.0682913e-01 2.8995664e-04
1.6562953e+01 9.6931280e+00 -5.7548276e-01 1.1036437e+02 7.1477582e-01 -9.4369503e-03 6.9928990e-01 -3.2672227e-04
1.6978507e+01 1.2502313e+01 -6.0952600e-01 1.1034615e+02 7.1254281e-01 -1.0490657e-02 7.0155014e-01 3.0532008e-04
1.7394636e+01 1.5491457e+01 -6.8285408e-01 1.1031577e+02 7.1180999e-01 -7.1366619e-03 7.0233582e-01 5.1276981e-05
1.7811105e+01 1.8735196e+01 -7.4111548e-01 1.1028825e+02 7.1421957e-01 -6.5319375e-03 6.9988730e-01 -2.3439487e-03
1.8227693e+01 2.2046103e+01 -8.0226940e-01 1.1022861e+02 7.1500597e-01 -1.0017076e-02 6.9904657e-01 7.4475273e-05
1.8644330e+01 2.5461998e+01 -8.7235100e-01 1.1017400e+02 7.1593157e-01 3.6040739e-04 6.9816836e-01 -1.6716457e-03
1.9061007e+01 2.8775082e+01 -9.2753634e-01 1.1011866e+02 7.1510856e-01 -6.7973193e-03 6.9896894e-01 3.9947035e-03
1.9477755e+01 3.2328912e+01 -1.0068706e+00 1.1005942e+02 7.1298825e-01 -3.0072443e-03 7.0116703e-01 -1.8749373e-03
1.9894756e+01 3.5519581e+01 -1.0751945e+00 1.1001001e+02 7.1669215e-01 -2.9653695e-03 6.9738273e-01 -9.4754058e-04
2.0311749e+01 3.8658286e+01 -1.1410096e+00 1.0993532e+02 7.1952961e-01 -1.4794355e-03 6.9446010e-01 3.4818475e-04
2.0728785e+01 4.1756890e+01 -1.1965040e+00 1.0981680e+02 7.2175317e-01 -2.2496844e-03 6.9214686e-01 -1.5939830e-04
2.1145784e+01 4.4713697e+01 -1.2452713e+00 1.0970190e+02 7.2277437e-01 -7.3454805e-04 6.9108354e-01 -4.4686352e-04
2.1562808e+01 4.7519004e+01 -1.2961150e+00 1.0959416e+02 7.2326653e-01 -4.2276584e-04 6.9056476e-01 2.3773282e-03
2.1979921e+01 5.0285753e+01 -1.3538972e+00 1.0949362e+02 7.2398207e-01 -6.0471249e-05 6.8981319e-01 2.7797115e-03
2.2397173e+01 5.2996921e+01 -1.4090375e+00 1.0938878e+02 7.2710663e-01 -3.5634940e-04 6.8652034e-01 2.3755994e-03
2.2814406e+01 5.5685780e+01 -1.4540703e+00 1.0921209e+02 7.3622187e-01 -7.4599033e-04 6.7671460e-01 5.8435867e-03
2.3231409e+01 5.8441220e+01 -1.5009665e+00 1.0896157e+02 7.4118665e-01 1.5631806e-03 6.7128239e-01 4.4551070e-03
2.3648307e+01 6.1301189e+01 -1.5487583e+00 1.0867907e+02 7.4275750e-01 1.6621486e-03 6.6954894e-01 3.5701028e-03
2.4065161e+01 6.4282690e+01 -1.6107699e+00 1.0836564e+02 7.4316325e-01 -3.3936131e-03 6.6909887e-01 1.8888960e-03
2.4482099e+01 6.7265624e+01 -1.6433852e+00 1.0805109e+02 7.4504778e-01 -1.9255618e-03 6.6700717e-01 1.2415885e-03
2.4899124e+01 7.0219518e+01 -1.7145869e+00 1.0771770e+02 7.4803441e-01 -3.1739001e-03 6.6365229e-01 2.9963039e-04
2.5316132e+01 7.3259842e+01 -1.7702024e+00 1.0736305e+02 7.4896411e-01 -8.5333254e-04 6.6259396e-01 4.6136328e-03
2.5733186e+01 7.6468775e+01 -1.8248827e+00 1.0698830e+02 7.5093992e-01 -2.4662908e-03 6.6036436e-01 -1.4373444e-03
2.6150230e+01 7.9603563e+01 -1.8608613e+00 1.0658617e+02 7.5353873e-01 -5.3660409e-03 6.5737997e-01 1.4705880e-03
2.6567250e+01 8.2868843e+01 -1.9088583e+00 1.0612245e+02 7.5289864e-01 -5.7643617e-03 6.5810746e-01 2.2341874e-03
2.6984193e+01 8.6279309e+01 -2.0026427e+00 1.0567604e+02 7.5027304e-01 -3.1654157e-03 6.6112009e-01 -7.4821489e-04
2.7401168e+01 8.9707780e+01 -2.0556677e+00 1.0528281e+02 7.4799821e-01 -7.4168975e-03 6.6365285e-01 2.9268736e-03
2.7818180e+01 9.3090469e+01 -2.1542235e+00 1.0492856e+02 7.4710722e-01 -5.7241189e-03 6.6467878e-01 4.0319481e-04
2.8235201e+01 9.6602950e+01 -2.1926864e+00 1.0453361e+02 7.4591473e-01 -7.4202207e-03 6.6599402e-01 -2.8494365e-03
2.8652278e+01 9.9999089e+01 -2.2768386e+00 1.0417313e+02 7.4510195e-01 -5.1986988e-03 6.6692904e-01 -1.3114869e-03
2.9069329e+01 1.0329413e+02 -2.3595867e+00 1.0383797e+02 7.4651078e-01 -5.5497697e-03 6.6534755e-01 1.8675572e-03
2.9486354e+01 1.0662701e+02 -2.4435830e+00 1.0347736e+02 7.4768200e-01 -7.2343290e-03 6.6401004e-01 3.1552409e-03
2.9903419e+01 1.0988706e+02 -2.5391415e+00 1.0308061e+02 7.5001112e-01 -7.8296609e-03 6.6136247e-01 4.6577543e-03
3.0320472e+01 1.1300109e+02 -2.6453098e+00 1.0266302e+02 7.5443305e-01 -7.8418541e-03 6.5631299e-01 4.7473601e-03
3.0737560e+01 1.1604271e+02 -2.7656507e+00 1.0223551e+02 7.5771818e-01 -1.0492232e-02 6.5245889e-01 7.1033761e-03
3.1154514e+01 1.1905072e+02 -2.8870398e+00 1.0180984e+02 7.6122297e-01 -9.5965043e-03 6.4835489e-01 9.1346304e-03
3.1571492e+01 1.2200163e+02 -3.0150311e+00 1.0131289e+02 7.6418176e-01 -1.2589799e-02 6.4474837e-01 1.2933642e-02
3.1988650e+01 1.2492284e+02 -3.1522040e+00 1.0080012e+02 7.7089393e-01 -1.2631540e-02 6.3678853e-01 7.9595236e-03
3.2405954e+01 1.2776450e+02 -3.2575544e+00 1.0020803e+02 7.8557134e-01 -1.2683161e-02 6.1858175e-01 8.5695913e-03
3.2823228e+01 1.3053872e+02 -3.3742834e+00 9.9434911e+01 7.9861215e-01 -1.7265591e-02 6.0158861e-01 3.4175175e-03
3.3240049e+01 1.3329789e+02 -3.4792697e+00 9.8558440e+01 8.0331552e-01 -1.8482027e-02 5.9526566e-01 -1.1743542e-03
3.3656613e+01 1.3596780e+02 -3.5842557e+00 9.7704984e+01 8.0215528e-01 -2.1111991e-02 5.9673166e-01 -3.5373930e-03
3.4073118e+01 1.3858611e+02 -3.6755085e+00 9.6930826e+01 8.0156922e-01 -2.3042363e-02 5.9741217e-01 -7.3848230e-03
3.4489550e+01 1.4110325e+02 -3.7432768e+00 9.6189287e+01 7.9522742e-01 -2.4265849e-02 6.0576399e-01 -8.6313251e-03
3.4906164e+01 1.4355953e+02 -3.8166759e+00 9.5537257e+01 7.9087027e-01 -2.5060200e-02 6.1132441e-01 -1.3366507e-02
3.5322953e+01 1.4601697e+02 -3.8956386e+00 9.4931475e+01 7.8177084e-01 -2.5851760e-02 6.2290474e-01 -1.2478912e-02
3.5739641e+01 1.4833354e+02 -3.9627486e+00 9.4542855e+01 7.7793220e-01 -2.5133180e-02 6.2775522e-01 -1.0639680e-02
3.6156054e+01 1.5058744e+02 -4.0237349e+00 9.4135945e+01 7.5909312e-01 -2.5993225e-02 6.5033913e-01 -1.2688768e-02
3.6572362e+01 1.5287744e+02 -4.1114947e+00 9.4011227e+01 7.2973743e-01 -2.4246832e-02 6.8325391e-01 -7.7119573e-03
3.6989442e+01 1.5513159e+02 -4.1970818e+00 9.3972564e+01 7.1113290e-01 -1.6825549e-02 7.0285619e-01 -2.8906773e-04
3.7407578e+01 1.5729704e+02 -4.2581155e+00 9.3938266e+01 7.2704190e-01 -8.1495340e-03 6.8654374e-01 -1.1615351e-03
3.7825496e+01 1.5938846e+02 -4.3315898e+00 9.3754562e+01 7.4788449e-01 -6.7730845e-03 6.6379319e-01 -1.2283401e-03
3.8242936e+01 1.6147609e+02 -4.3664075e+00 9.3405216e+01 7.6541897e-01 -4.3158498e-03 6.4351223e-01 -2.6805126e-03
3.8660016e+01 1.6335691e+02 -4.3906020e+00 9.3026118e+01 7.8035246e-01 -6.7170262e-03 6.2529389e-01 -3.5314329e-03
3.9076794e+01 1.6525702e+02 -4.4317522e+00 9.2581111e+01 7.8323194e-01 -5.0571315e-03 6.2169164e-01 -4.6541136e-03
3.9493780e+01 1.6712294e+02 -4.4607264e+00 9.2144449e+01 7.8689092e-01 -6.2059378e-03 6.1705425e-01 -2.8681495e-03
3.9911034e+01 1.6911525e+02 -4.4769427e+00 9.1622823e+01 7.9356603e-01 -8.5227934e-03 6.0839610e-01 -5.8746953e-03
4.0328226e+01 1.7121058e+02 -4.4965570e+00 9.1022136e+01 8.0052376e-01 -1.0520516e-02 5.9917976e-01 -5.8850923e-03
4.0745225e+01 1.7341925e+02 -4.5297109e+00 9.0349321e+01 8.0550178e-01 -1.0612234e-02 5.9243893e-01 -8.3896631e-03
4.1162081e+01 1.7563144e+02 -4.5360946e+00 8.9635704e+01 8.0668269e-01 -9.3341743e-03 5.9082769e-01 -9.9271723e-03
4.1578794e+01 1.7779459e+02 -4.5768996e+00 8.8966281e+01 8.0492627e-01 -1.0685013e-02 5.9319024e-01 -1.0240585e-02
4.1995434e+01 1.7988087e+02 -4.5841287e+00 8.8347965e+01 8.0085369e-01 -1.1940728e-02 5.9865162e-01 -1.0345200e-02
4.2412067e+01 1.8184818e+02 -4.6109181e+00 8.7806069e+01 7.9510098e-01 -9.8690447e-03 6.0625633e-01 -1.3049780e-02
4.2828533e+01 1.8360634e+02 -4.6489686e+00 8.7385484e+01 7.8116099e-01 -8.8383444e-03 6.2411779e-01 -1.3651770e-02
4.3244618e+01 1.8517244e+02 -4.6655443e+00 8.7141889e+01 7.5479834e-01 -1.2013697e-02 6.5575294e-01 -1.1100510e-02
4.3660626e+01 1.8672548e+02 -4.6849147e+00 8.7153638e+01 7.1324640e-01 -6.6248009e-03 7.0083465e-01 -8.1539643e-03
4.4076793e+01 1.8824621e+02 -4.7135031e+00 8.7310610e+01 6.6694075e-01 6.9343937e-04 7.4506321e-01 -8.3884112e-03
4.4492902e+01 1.8974509e+02 -4.7288356e+00 8.7790860e+01 6.1197097e-01 -1.5056485e-03 7.9084218e-01 -7.6099693e-03
4.4908886e+01 1.9121338e+02 -4.7505774e+00 8.8534600e+01 5.3827988e-01 -3.5185516e-03 8.4275880e-01 3.9595609e-05
4.5325068e+01 1.9260726e+02 -4.7616984e+00 8.9411131e+01 4.4972779e-01 -1.1084971e-02 8.9309119e-01 -3.1889263e-03
4.5741531e+01 1.9398449e+02 -4.8147519e+00 9.0889906e+01 3.6595619e-01 -8.8527291e-03 9.3058701e-01 2.3461740e-03
4.6158529e+01 1.9533255e+02 -4.8736996e+00 9.2851422e+01 2.8635208e-01 -7.6672251e-03 9.5808531e-01 4.0303436e-03
4.6576232e+01 1.9656581e+02 -4.9257574e+00 9.5113021e+01 2.2535028e-01 -4.2464266e-03 9.7426644e-01 2.0284933e-03
4.6994020e+01 1.9771005e+02 -4.9647475e+00 9.7787795e+01 1.9037394e-01 -5.4967641e-03 9.8168852e-01 -3.8977327e-03
4.7411708e+01 1.9870873e+02 -5.0242002e+00 1.0074645e+02 1.6434498e-01 -5.2617989e-03 9.8638720e-01 -1.8231125e-03
4.7829641e+01 1.9976927e+02 -5.0890183e+00 1.0396964e+02 1.5943420e-01 -3.6468025e-03 9.8719998e-01 -1.9080636e-03
4.8247128e+01 2.0090839e+02 -5.1390435e+00 1.0731873e+02 1.6000801e-01 -4.3147446e-03 9.8710480e-01 -1.7140690e-03
4.8664162e+01 2.0205058e+02 -5.2276694e+00 1.1073500e+02 1.6256376e-01 -3.0292711e-03 9.8668755e-01 -3.3952412e-03
4.9081130e+01 2.0323521e+02 -5.2626182e+00 1.1423163e+02 1.6239659e-01 -1.1590049e-03 9.8667951e-01 -9.4634487e-03
4.9497952e+01 2.0440603e+02 -5.3314607e+00 1.1770684e+02 1.6126334e-01 -3.1054846e-03 9.8684303e-01 -1.1194743e-02
4.9914744e+01 2.0550438e+02 -5.3808395e+00 1.2106781e+02 1.5709877e-01 -2.0230859e-03 9.8751609e-01 -1.1307394e-02
5.0331488e+01 2.0664514e+02 -5.4426824e+00 1.2459986e+02 1.5432181e-01 -7.6457727e-04 9.8795435e-01 -1.1419552e-02
5.0748220e+01 2.0771500e+02 -5.5049755e+00 1.2801590e+02 1.5065586e-01 -1.7628705e-03 9.8851005e-01 -1.2148184e-02
5.1164906e+01 2.0874674e+02 -5.5775623e+00 1.3139367e+02 1.4656983e-01 2.0661679e-03 9.8911163e-01 -1.3084105e-02
5.1581711e+01 2.0962935e+02 -5.6022541e+00 1.3451256e+02 1.4214308e-01 -1.6011046e-03 9.8977349e-01 -1.1883219e-02
5.1998530e+01 2.1041542e+02 -5.6393419e+00 1.3741503e+02 1.3318791e-01 2.8454479e-04 9.9101577e-01 -1.2191709e-02
5.2415550e+01 2.1104137e+02 -5.6949201e+00 1.3983648e+02 1.2762624e-01 2.7136961e-04 9.9176767e-01 -1.0409814e-02
5.2832629e+01 2.1156581e+02 -5.7740787e+00 1.4194470e+02 1.2636305e-01 -2.3445139e-03 9.9194333e-01 -8.6787957e-03
5.3249636e+01 2.1203409e+02 -5.8025930e+00 1.4382777e+02 1.2195951e-01 -2.6990318e-03 9.9249696e-01 -8.2690449e-03
5.3666031e+01 2.1242737e+02 -5.8458765e+00 1.4564250e+02 9.5719667e-02 -3.7908787e-03 9.9535172e-01 -9.9161634e-03
5.4081868e+01 2.1253710e+02 -5.8707492e+00 1.4738481e+02 4.3316117e-02 -3.5125132e-03 9.9901526e-01 -8.9381564e-03
5.4497589e+01 2.1244304e+02 -5.9060187e+00 1.4900798e+02 -4.0720641e-02 -1.8503625e-03 9.9915889e-01 -4.4639305e-03
5.4913333e+01 2.1200609e+02 -5.9250991e+00 1.5055230e+02 -1.3948357e-01 1.6644752e-03 9.9022184e-01 -1.5079854e-03
5.5329341e+01 2.1110212e+02 -5.9271359e+00 1.5171872e+02 -2.3240465e-01 3.7024702e-03 9.7261047e-01 1.8026531e-03
5.5745594e+01 2.1007767e+02 -5.9424665e+00 1.5283397e+02 -3.4271459e-01 5.8056381e-03 9.3941452e-01 3.6557785e-03
5.6162137e+01 2.0889541e+02 -5.9522496e+00 1.5365667e+02 -4.4017190e-01 8.8408783e-03 8.9785509e-01 5.1754478e-03
5.6579043e+01 2.0739415e+02 -5.9462349e+00 1.5418080e+02 -5.1993594e-01 9.6345035e-04 8.5415543e-01 9.1752200e-03
5.6996616e+01 2.0585782e+02 -5.9174844e+00 1.5457184e+02 -5.9232773e-01 -4.7572527e-03 8.0559609e-01 1.1839504e-02
5.7414799e+01 2.0434012e+02 -5.9295585e+00 1.5493278e+02 -6.3752325e-01 -2.6607719e-03 7.7032509e-01 1.2501094e-02
5.7832677e+01 2.0247588e+02 -5.8595589e+00 1.5516977e+02 -6.6096212e-01 -7.4493395e-04 7.5038195e-01 7.4458334e-03
5.8250205e+01 2.0038895e+02 -5.8832456e+00 1.5522826e+02 -6.8448344e-01 -1.4112006e-03 7.2892301e-01 1.2315651e-02
5.8668030e+01 1.9791816e+02 -5.8675037e+00 1.5528880e+02 -6.9530939e-01 -5.3993143e-03 7.1847224e-01 1.7701377e-02
5.9085959e+01 1.9511766e+02 -5.8129805e+00 1.5535906e+02 -6.9473449e-01 -1.0180380e-02 7.1886565e-01 2.1737724e-02
5.9503865e+01 1.9204964e+02 -5.7916404e+00 1.5551320e+02 -6.8053742e-01 -1.3867943e-02 7.3212361e-01 2.5913753e-02
5.9921304e+01 1.8878904e+02 -5.7708210e+00 1.5577465e+02 -6.6604619e-01 -1.6895498e-02 7.4514968e-01 2.9137267e-02
6.0338354e+01 1.8533011e+02 -5.7807546e+00 1.5624745e+02 -6.5320423e-01 -1.5972225e-02 7.5638157e-01 3.0919993e-02
6.0755177e+01 1.8179574e+02 -5.7569641e+00 1.5686164e+02 -6.4509439e-01 -1.4308011e-02 7.6346436e-01 2.7761120e-02
6.1171855e+01 1.7826348e+02 -5.7452864e+00 1.5741624e+02 -6.4245953e-01 -1.6205459e-02 7.6560114e-01 2.8948576e-02
6.1588545e+01 1.7476485e+02 -5.7488718e+00 1.5801298e+02 -6.4340006e-01 -1.5362011e-02 7.6486129e-01 2.8063770e-02
6.2005246e+01 1.7118740e+02 -5.7608942e+00 1.5860870e+02 -6.4346761e-01 -1.6063479e-02 7.6480221e-01 2.7730521e-02
6.2421976e+01 1.6761660e+02 -5.7606126e+00 1.5920347e+02 -6.4496773e-01 -1.6843316e-02 7.6348096e-01 2.8805439e-02
6.2838988e+01 1.6404565e+02 -5.7852773e+00 1.5977958e+02 -6.4365018e-01 -1.7029707e-02 7.6456938e-01 2.9293452e-02
6.3255943e+01 1.6056575e+02 -5.8037362e+00 1.6037316e+02 -6.4173825e-01 -1.7300165e-02 7.6617975e-01 2.9005458e-02
6.3672929e+01 1.5710827e+02 -5.8100738e+00 1.6099290e+02 -6.4102698e-01 -1.6592557e-02 7.6683328e-01 2.7853410e-02
6.4089861e+01 1.5361974e+02 -5.8147458e+00 1.6157869e+02 -6.3875919e-01 -1.6977022e-02 7.6873433e-01 2.7313063e-02
6.4506836e+01 1.5008067e+02 -5.8307240e+00 1.6219472e+02 -6.4029812e-01 -1.6170589e-02 7.6754456e-01 2.5143230e-02
6.4923778e+01 1.4637019e+02 -5.8834554e+00 1.6288682e+02 -6.3822446e-01 -1.4329299e-02 7.6937626e-01 2.2899393e-02
6.5340711e+01 1.4283118e+02 -5.8657611e+00 1.6352301e+02 -6.3631117e-01 -1.6412338e-02 7.7089304e-01 2.3720179e-02
6.5757613e+01 1.3910908e+02 -5.8854452e+00 1.6421331e+02 -6.4130950e-01 -1.5296340e-02 7.6681173e-01 2.2088942e-02
6.6174381e+01 1.3528420e+02 -5.9422291e+00 1.6486026e+02 -6.5304460e-01 -1.5619285e-02 7.5679361e-01 2.3499211e-02
6.6591325e+01 1.3153534e+02 -5.9402389e+00 1.6535330e+02 -6.5352399e-01 -1.9143817e-02 7.5629455e-01 2.3631623e-02
6.7008259e+01 1.2762139e+02 -5.9876344e+00 1.6586336e+02 -6.5250504e-01 -1.5956899e-02 7.5730396e-01 2.1754529e-02
6.7425223e+01 1.2370272e+02 -6.0234498e+00 1.6642428e+02 -6.5612250e-01 -1.4750836e-02 7.5417286e-01 2.2560292e-02
6.7842169e+01 1.1982611e+02 -6.0511256e+00 1.6692298e+02 -6.5644617e-01 -1.5273885e-02 7.5389182e-01 2.2186861e-02
6.8259046e+01 1.1589060e+02 -6.1071154e+00 1.6744797e+02 -6.5564542e-01 -1.6643581e-02 7.5461269e-01 2.0291908e-02
6.8675858e+01 1.1204982e+02 -6.0924433e+00 1.6796254e+02 -6.5607253e-01 -1.5177021e-02 7.5420931e-01 2.2512189e-02
6.9092563e+01 1.0815691e+02 -6.1674111e+00 1.6849283e+02 -6.5609485e-01 -1.5808169e-02 7.5421532e-01 2.1186990e-02
6.9509269e+01 1.0431186e+02 -6.1807894e+00 1.6900423e+02 -6.5615840e-01 -1.5371927e-02 7.5412988e-01 2.2538376e-02
6.9925985e+01 1.0045199e+02 -6.2012739e+00 1.6947935e+02 -6.5620654e-01 -1.6126492e-02 7.5407491e-01 2.2448842e-02
7.0342809e+01 9.6605544e+01 -6.2418422e+00 1.6999835e+02 -6.5345215e-01 -1.7345696e-02 7.5642703e-01 2.2750063e-02
7.0759669e+01 9.2777267e+01 -6.2787925e+00 1.7056798e+02 -6.5128725e-01 -1.7781763e-02 7.5829680e-01 2.2241744e-02
7.1176458e+01 8.8903853e+01 -6.3322874e+00 1.7114848e+02 -6.4779113e-01 -1.8858294e-02 7.6127168e-01 2.1827866e-02
7.1593164e+01 8.5040216e+01 -6.3856697e+00 1.7176012e+02 -6.4750536e-01 -1.7067717e-02 7.6162048e-01 1.9487057e-02
7.2009838e+01 8.1175293e+01 -6.4671729e+00 1.7236099e+02 -6.4889579e-01 -1.5562118e-02 7.6048684e-01 1.8757513e-02
7.2426593e+01 7.7297362e+01 -6.4755347e+00 1.7295129e+02 -6.4788656e-01 -1.7194338e-02 7.6138023e-01 1.5732599e-02
7.2843354e+01 7.3356989e+01 -6.5612975e+00 1.7357939e+02 -6.4875690e-01 -1.4226363e-02 7.6067328e-01 1.6977710e-02
7.3259992e+01 6.9381786e+01 -6.5923354e+00 1.7417328e+02 -6.5148051e-01 -1.5117474e-02 7.5834992e-01 1.5811347e-02
7.3676652e+01 6.5440618e+01 -6.6451108e+00 1.7472666e+02 -6.5615192e-01 -1.2981565e-02 7.5435746e-01 1.5523187e-02
7.4093427e+01 6.1464630e+01 -6.7176729e+00 1.7523254e+02 -6.5853550e-01 -1.3876795e-02 7.5225134e-01 1.6010996e-02
7.4510306e+01 5.7476514e+01 -6.7794827e+00 1.7574878e+02 -6.6073375e-01 -1.5727915e-02 7.5026896e-01 1.6734038e-02
7.4927120e+01 5.3516210e+01 -6.8241836e+00 1.7622424e+02 -6.6141827e-01 -1.3786535e-02 7.4970930e-01 1.6485640e-02
7.5343792e+01 4.9574043e+01 -6.8890656e+00 1.7668781e+02 -6.6458962e-01 -1.2948508e-02 7.4696125e-01 1.4208047e-02
7.5760378e+01 4.5662422e+01 -6.9677088e+00 1.7713637e+02 -6.7020885e-01 -1.4617891e-02 7.4195661e-01 1.0334012e-02
7.6177010e+01 4.1806526e+01 -7.0358695e+00 1.7743764e+02 -6.6893735e-01 -1.3409901e-02 7.4309843e-01 1.2153923e-02
7.6593712e+01 3.7750719e+01 -7.1382513e+00 1.7781966e+02 -6.7237337e-01 -1.2984452e-02 7.3995856e-01 1.4379638e-02
7.7010432e+01 3.4086327e+01 -7.1871272e+00 1.7818484e+02 -6.7242215e-01 -1.3755667e-02 7.3988800e-01 1.4999275e-02
7.7427056e+01 3.0491686e+01 -7.2433978e+00 1.7846575e+02 -6.7462462e-01 -1.2862965e-02 7.3789113e-01 1.5259313e-02
7.7843731e+01 2.7047127e+01 -7.3128188e+00 1.7872226e+02 -6.7705725e-01 -1.3459481e-02 7.3566277e-01 1.4581464e-02
7.8260511e+01 2.3716480e+01 -7.3667602e+00 1.7898348e+02 -6.7990592e-01 -1.4960096e-02 7.3289441e-01 1.9233110e-02
7.8677678e+01 2.0576860e+01 -7.4154935e+00 1.7918781e+02 -6.7455174e-01 -1.4853604e-02 7.3788947e-01 1.6686710e-02
7.9094757e+01 1.7617944e+01 -7.4521960e+00 1.7945430e+02 -6.7041977e-01 -1.3454865e-02 7.4174390e-01 1.3125886e-02
7.9511777e+01 1.4803098e+01 -7.4841758e+00 1.7974324e+02 -6.6848769e-01 -1.3453165e-02 7.4344068e-01 1.5465336e-02
7.9928726e+01 1.2117089e+01 -7.5371107e+00 1.8002144e+02 -6.6606494e-01 -1.3215824e-02 7.4560436e-01 1.6030595e-02
8.0345790e+01 9.6513789e+00 -7.5719749e+00 1.8029639e+02 -6.6391295e-01 -1.2619014e-02 7.4750047e-01 1.7418463e-02
8.0762918e+01 7.4168774e+00 -7.6124828e+00 1.8058378e+02 -6.5728297e-01 -9.9104718e-03 7.5341557e-01 1.5679714e-02
8.1180187e+01 5.4379244e+00 -7.6393686e+00 1.8089234e+02 -6.4737432e-01 -8.9881684e-03 7.6196385e-01 1.5388092e-02
8.1597509e+01 3.8223455e+00 -7.6649527e+00 1.8119364e+02 -6.3279245e-01 -1.0026657e-02 7.7414611e-01 1.3075843e-02
8.2014815e+01 2.2021022e+00 -7.6986506e+00 1.8161650e+02 -6.0707095e-01 -1.0098994e-02 7.9452247e-01 9.8447856e-03
8.2432257e+01 8.5799621e-01 -7.7282955e+00 1.8214131e+02 -5.7261189e-01 -9.1553076e-03 8.1976754e-01 3.6036633e-03
8.2849761e+01 -3.8490330e-01 -7.7674149e+00 1.8269742e+02 -5.2680935e-01 -5.5233564e-03 8.4996399e-01 1.6156430e-03
8.3267455e+01 -1.4162519e+00 -7.7922567e+00 1.8346530e+02 -4.7094450e-01 -2.9277465e-03 8.8215789e-01 -4.0380856e-04
8.3685154e+01 -2.4325820e+00 -7.8119760e+00 1.8428456e+02 -3.9674193e-01 -1.1290751e-02 9.1785049e-01 -4.3408938e-03
8.4102658e+01 -3.3957232e+00 -7.8559986e+00 1.8542283e+02 -3.1926954e-01 -8.6974262e-03 9.4757827e-01 -9.3133843e-03
8.4519917e+01 -4.0221588e+00 -7.9120800e+00 1.8686869e+02 -2.3668037e-01 -6.5933659e-03 9.7151540e-01 -9.8369423e-03
8.4936933e+01 -4.6952432e+00 -7.9594988e+00 1.8860258e+02 -1.4971151e-01 -9.4894094e-03 9.8866494e-01 -6.1687602e-03
8.5353856e+01 -5.0731288e+00 -8.0101121e+00 1.9069973e+02 -6.6779414e-02 -7.9579971e-03 9.9771832e-01 -5.9441169e-03
8.5770076e+01 -5.1466304e+00 -8.0552529e+00 1.9311167e+02 -8.5120609e-03 -9.2471715e-03 9.9988341e-01 -8.6721787e-03
8.6185532e+01 -5.0812330e+00 -8.1261028e+00 1.9570152e+02 2.0297115e-02 -8.5674248e-03 9.9968018e-01 -1.2416425e-02
8.6600978e+01 -4.9035672e+00 -8.1859055e+00 1.9852795e+02 2.4874716e-02 -8.6116474e-03 9.9950173e-01 -1.7417885e-02
8.7016603e+01 -4.7785310e+00 -8.2533064e+00 2.0162159e+02 1.7716745e-02 -8.7759920e-03 9.9960054e-01 -2.0195694e-02
8.7432774e+01 -4.7239457e+00 -8.3553214e+00 2.0490054e+02 1.3423116e-02 -6.6575727e-03 9.9973047e-01 -1.7733697e-02
8.7849230e+01 -4.7302034e+00 -8.4294632e+00 2.0825436e+02 1.3831158e-02 -6.7569997e-03 9.9976410e-01 -1.5322854e-02
8.8265815e+01 -4.6245303e+00 -8.5133463e+00 2.1149819e+02 9.9021984e-03 -5.3242245e-03 9.9982190e-01 -1.5158104e-02
8.8682473e+01 -4.5737288e+00 -8.5776258e+00 2.1476568e+02 4.3446048e-03 -2.4430842e-03 9.9985178e-01 -1.6479560e-02
8.9099250e+01 -4.5884033e+00 -8.6409375e+00 2.1799607e+02 2.6473545e-03 -1.3660414e-03 9.9987202e-01 -1.5718458e-02
8.9516175e+01 -4.5906552e+00 -8.7154926e+00 2.2118966e+02 -1.0687400e-04 -3.0833393e-03 9.9988630e-01 -1.4760616e-02
8.9933170e+01 -4.6011074e+00 -8.7759912e+00 2.2414293e+02 1.5790083e-03 -1.9643309e-03 9.9988395e-01 -1.5024631e-02
9.0349972e+01 -4.6086449e+00 -8.8503292e+00 2.2683113e+02 -1.2180284e-03 -1.8393983e-03 9.9991835e-01 -1.2586544e-02
9.0766742e+01 -4.6491769e+00 -8.8975155e+00 2.2924042e+02 -7.1116181e-03 -1.9042351e-03 9.9989186e-01 -1.2730274e-02
9.1183696e+01 -4.7082265e+00 -8.9481798e+00 2.3128294e+02 -9.2203190e-03 -1.9328838e-03 9.9987163e-01 -1.2960528e-02
9.1601045e+01 -4.7132384e+00 -8.9740319e+00 2.3305937e+02 5.5791688e-03 -2.7627198e-03 9.9991636e-01 -1.1336028e-02
9.2018766e+01 -4.5832581e+00 -9.0302039e+00 2.3479348e+02 4.2143948e-02 -3.2073728e-03 9.9904142e-01 -1.1395132e-02
9.2436833e+01 -4.2902458e+00 -9.0562969e+00 2.3643928e+02 1.0464451e-01 -5.5143773e-03 9.9444093e-01 -1.0312906e-02
9.2854939e+01 -3.7346593e+00 -9.0835167e+00 2.3796506e+02 1.8645592e-01 -4.0660563e-03 9.8220932e-01 -2.1965908e-02
9.3272839e+01 -2.9309256e+00 -9.0823429e+00 2.3927419e+02 2.6917912e-01 -5.4551664e-03 9.6285631e-01 -2.0507607e-02
9.3690419e+01 -1.8663247e+00 -9.1101738e+00 2.4042291e+02 3.5522030e-01 -1.0252321e-02 9.3443829e-01 -2.3205947e-02
9.4107822e+01 -6.6948258e-01 -9.1183079e+00 2.4149411e+02 4.4988423e-01 -2.7165724e-03 8.9304855e-01 -7.8159254e-03
9.4525053e+01 1.5397046e+00 -9.1450275e+00 2.4268343e+02 5.2499558e-01 -5.5443356e-03 8.5107621e-01 -4.2643829e-03
9.4941910e+01 3.7734256e+00 -9.1440663e+00 2.4331819e+02 5.9498323e-01 -2.5676130e-03 8.0373039e-01 -2.4118162e-03
9.5357984e+01 5.7118388e+00 -9.1736701e+00 2.4371453e+02 6.5047654e-01 -1.1816365e-03 7.5952246e-01 -2.1213452e-03
9.5773881e+01 7.9297239e+00 -9.1692277e+00 2.4389915e+02 6.8568118e-01 5.4376326e-04 7.2789928e-01 -1.9149920e-03
9.6189653e+01 1.0465951e+01 -9.1710073e+00 2.4395388e+02 7.1117988e-01 4.5286237e-03 7.0298822e-01 -3.1983935e-03
9.6605203e+01 1.3355747e+01 -9.1324759e+00 2.4383947e+02 7.1830014e-01 1.4508946e-03 6.9569971e-01 -6.6874640e-03
9.7020813e+01 1.6512141e+01 -9.1085700e+00 2.4377816e+02 7.2277344e-01 9.1555008e-04 6.9104110e-01 -7.7403759e-03
9.7436548e+01 1.9628080e+01 -9.1032054e+00 2.4365595e+02 7.1981238e-01 -2.3493182e-03 6.9402755e-01 -1.3798081e-02
9.7852495e+01 2.2731594e+01 -9.1060950e+00 2.4357908e+02 7.1420771e-01 -3.1003036e-03 6.9975121e-01 -1.5683713e-02
9.8268663e+01 2.6060046e+01 -9.0905446e+00 2.4352458e+02 7.0892624e-01 3.0999638e-03 7.0519272e-01 -1.0826078e-02
9.8685033e+01 2.9268590e+01 -9.0537584e+00 2.4357233e+02 7.0899293e-01 5.3367806e-03 7.0515371e-01 -7.6670381e-03
9.9101609e+01 3.2397391e+01 -9.0235420e+00 2.4352569e+02 7.0411185e-01 7.6719595e-03 7.1000801e-01 -7.5005084e-03
9.9518316e+01 3.5780082e+01 -9.0235575e+00 2.4358482e+02 7.1034608e-01 8.2629553e-03 7.0376929e-01 -6.9968304e-03
9.9935059e+01 3.9213435e+01 -9.0232331e+00 2.4355578e+02 7.1297901e-01 1.0513293e-02 7.0105993e-01 -8.0852012e-03
1.0035170e+02 4.2346396e+01 -8.9636958e+00 2.4351952e+02 7.1369380e-01 1.0146730e-02 7.0033391e-01 -8.4036898e-03
1.0076835e+02 4.5530401e+01 -8.9557467e+00 2.4347945e+02 7.1560377e-01 7.5140056e-03 6.9841072e-01 -8.7887571e-03
1.0118511e+02 4.8714254e+01 -8.9119040e+00 2.4341390e+02 7.1808263e-01 9.5829469e-03 6.9582510e-01 -9.6401685e-03
1.0160180e+02 5.1759755e+01 -8.8850871e+00 2.4334525e+02 7.1798052e-01 8.4922640e-03 6.9593257e-01 -1.0474191e-02
1.0201844e+02 5.4822095e+01 -8.8351360e+00 2.4328496e+02 7.1744818e-01 9.4338574e-03 6.9646229e-01 -1.0926054e-02
1.0243516e+02 5.7800264e+01 -8.8188417e+00 2.4320495e+02 7.1683496e-01 8.7894335e-03 6.9709801e-01 -1.1169503e-02
1.0285185e+02 6.0719474e+01 -8.8038945e+00 2.4312848e+02 7.1676035e-01 -1.1663751e-03 6.9731329e-01 -2.7233397e-03
1.0326853e+02 6.3609841e+01 -8.8091612e+00 2.4305669e+02 7.1366310e-01 5.6407327e-03 7.0042014e-01 -8.0485906e-03
1.0368533e+02 6.6458714e+01 -8.7953725e+00 2.4308115e+02 7.1371160e-01 7.8914069e-03 7.0036899e-01 -6.0627889e-03
1.0410214e+02 6.9239017e+01 -8.7902312e+00 2.4303598e+02 7.1553283e-01 7.3260951e-03 6.9851925e-01 -5.4739363e-03
1.0451875e+02 7.1930364e+01 -8.7758184e+00 2.4299751e+02 7.1577067e-01 7.0494323e-03 6.9826964e-01 -6.4928412e-03
1.0493536e+02 7.4510491e+01 -8.7712192e+00 2.4296742e+02 7.1489370e-01 5.5895272e-03 6.9919457e-01 -4.7652502e-03
1.0535217e+02 7.7025213e+01 -8.7632640e+00 2.4288873e+02 7.1198941e-01 7.5377848e-03 7.0212446e-01 -5.9590635e-03
1.0576910e+02 7.9628643e+01 -8.7354764e+00 2.4293040e+02 7.2241703e-01 7.3293673e-03 6.9138898e-01 -6.4177303e-03
1.0618618e+02 8.2274387e+01 -8.7402804e+00 2.4276182e+02 7.2657225e-01 3.9465633e-03 6.8706046e-01 -5.0108296e-03
1.0660322e+02 8.4935768e+01 -8.7380101e+00 2.4258828e+02 7.3506122e-01 2.3947604e-03 6.7796913e-01 -6.0927719e-03
1.0702017e+02 8.7693066e+01 -8.7113507e+00 2.4229993e+02 7.3946408e-01 5.0335408e-03 6.7314128e-01 -6.9535782e-03
1.0743696e+02 9.0681436e+01 -8.6903228e+00 2.4197908e+02 7.4754486e-01 3.0620004e-03 6.6416908e-01 -6.8364651e-03
1.0785363e+02 9.3882907e+01 -8.6610472e+00 2.4156853e+02 7.5047228e-01 2.6033731e-03 6.6078541e-01 -1.2133215e-02
1.0827010e+02 9.7303414e+01 -8.6297218e+00 2.4110683e+02 7.4941373e-01 -1.7322033e-03 6.6195822e-01 -1.3688747e-02
1.0868646e+02 1.0099998e+02 -8.5813824e+00 2.4067948e+02 7.4606387e-01 -6.1955292e-03 6.6555768e-01 -1.9577910e-02
1.0910271e+02 1.0486502e+02 -8.5386340e+00 2.4028270e+02 7.3867696e-01 -5.7585525e-03 6.7376237e-01 -1.9169190e-02
1.0951916e+02 1.0882705e+02 -8.5014775e+00 2.3998751e+02 7.3412962e-01 -1.0349295e-02 6.7872919e-01 -1.6531039e-02
1.0993569e+02 1.1282698e+02 -8.5093631e+00 2.3969723e+02 7.3262694e-01 -6.6257009e-03 6.8026295e-01 -2.1358413e-02
1.1035223e+02 1.1692075e+02 -8.4567208e+00 2.3940711e+02 7.3136568e-01 -7.4161732e-03 6.8160575e-01 -2.1513726e-02
1.1076880e+02 1.2090402e+02 -8.4185074e+00 2.3916942e+02 7.2968552e-01 -8.0738325e-03 6.8346615e-01 -1.9180224e-02
1.1118534e+02 1.2489178e+02 -8.4275690e+00 2.3896203e+02 7.2718786e-01 -5.7119042e-03 6.8614347e-01 -1.9296084e-02
1.1160183e+02 1.2880409e+02 -8.3940399e+00 2.3879845e+02 7.2368986e-01 -3.5108818e-03 6.8984885e-01 -1.9215231e-02
1.1201839e+02 1.3263660e+02 -8.3540783e+00 2.3866881e+02 7.2289944e-01 -2.2752742e-03 6.9075719e-01 -1.6301107e-02
1.1243497e+02 1.3645437e+02 -8.3398017e+00 2.3851773e+02 7.2320286e-01 -2.8103277e-03 6.9046970e-01 -1.4876885e-02
1.1285162e+02 1.4015896e+02 -8.3645251e+00 2.3836197e+02 7.2423518e-01 -1.7789366e-03 6.8939037e-01 -1.4871665e-02
1.1326825e+02 1.4381841e+02 -8.3453841e+00 2.3817130e+02 7.2984098e-01 1.3485084e-03 6.8344275e-01 -1.5373309e-02
1.1368494e+02 1.4804223e+02 -8.2941577e+00 2.3789912e+02 7.3681046e-01 7.3701903e-04 6.7594609e-01 -1.4376374e-02
1.1410169e+02 1.5163862e+02 -8.2274868e+00 2.3749452e+02 7.4981327e-01 2.3668579e-03 6.6143073e-01 -1.6847658e-02
1.1451852e+02 1.5525461e+02 -8.2033043e+00 2.3696728e+02 7.6129886e-01 1.7636969e-03 6.4814391e-01 -1.8177211e-02
1.1493532e+02 1.5888713e+02 -8.1599676e+00 2.3628065e+02 7.7563089e-01 -1.5351189e-03 6.3086342e-01 -2.0142466e-02
1.1535185e+02 1.6268123e+02 -8.0823021e+00 2.3540678e+02 7.8180207e-01 -5.5566636e-03 6.2304957e-01 -2.3746089e-02
1.1576786e+02 1.6639323e+02 -8.0334964e+00 2.3454376e+02 7.7842892e-01 -1.0548299e-02 6.2717069e-01 -2.4373632e-02
1.1618386e+02 1.7010828e+02 -7.9810039e+00 2.3377253e+02 7.7003789e-01 -1.6719984e-02 6.3690929e-01 -3.3296397e-02
1.1659994e+02 1.7376116e+02 -7.9215016e+00 2.3313220e+02 7.6334070e-01 -1.6635339e-02 6.4496654e-01 -3.2440856e-02
1.1701638e+02 1.7745901e+02 -7.8843565e+00 2.3258983e+02 7.5604109e-01 -1.6015035e-02 6.5359838e-01 -3.0895794e-02
1.1743314e+02 1.8104572e+02 -7.8641344e+00 2.3214030e+02 7.5528196e-01 -1.6109281e-02 6.5431010e-01 -3.4175291e-02
1.1784994e+02 1.8447550e+02 -7.8190116e+00 2.3167792e+02 7.5461351e-01 -1.8537783e-02 6.5508606e-01 -3.2818425e-02
1.1826680e+02 1.8762735e+02 -7.7881864e+00 2.3121222e+02 7.5452161e-01 -1.8797234e-02 6.5514780e-01 -3.3543578e-02
1.1868371e+02 1.9085917e+02 -7.7364750e+00 2.3072417e+02 7.5569896e-01 -1.8182442e-02 6.5352051e-01 -3.8722352e-02
1.1910047e+02 1.9403612e+02 -7.7036404e+00 2.3024613e+02 7.5201382e-01 -2.0557504e-02 6.5785678e-01 -3.5736016e-02
1.1951706e+02 1.9718535e+02 -7.6500282e+00 2.2991487e+02 7.5224217e-01 -2.0007120e-02 6.5758072e-01 -3.6318377e-02
1.1993369e+02 2.0027904e+02 -7.6005995e+00 2.2950876e+02 7.3946377e-01 -1.7634258e-02 6.7199143e-01 -3.6192320e-02
1.2035040e+02 2.0334683e+02 -7.5573754e+00 2.2921309e+02 7.4226329e-01 -1.7531148e-02 6.6900128e-01 -3.4280577e-02
1.2076726e+02 2.0609564e+02 -7.5429331e+00 2.2896879e+02 7.4340979e-01 -1.1364017e-02 6.6798614e-01 -3.1737470e-02
1.2118413e+02 2.0856453e+02 -7.5158423e+00 2.2872364e+02 7.4270475e-01 -1.2095179e-02 6.6876845e-01 -3.1497942e-02
1.2160102e+02 2.1062434e+02 -7.4860715e+00 2.2853000e+02 7.4274970e-01 -1.2814338e-02 6.6877178e-01 -3.0049694e-02
1.2201817e+02 2.1240923e+02 -7.4754915e+00 2.2832428e+02 7.4543782e-01 -1.4584882e-02 6.6587307e-01 -2.6884833e-02
1.2243549e+02 2.1410285e+02 -7.4860684e+00 2.2812157e+02 7.5222775e-01 -1.4717805e-02 6.5819474e-01 -2.6767240e-02
1.2285264e+02 2.1546668e+02 -7.4844875e+00 2.2791604e+02 7.5850274e-01 -1.4304711e-02 6.5096828e-01 -2.6632109e-02
1.2326977e+02 2.1671375e+02 -7.4631602e+00 2.2772382e+02 7.6405348e-01 -1.6233098e-02 6.4430979e-01 -2.8699492e-02
1.2368692e+02 2.1789037e+02 -7.4650225e+00 2.2747825e+02 7.7159362e-01 -1.4812882e-02 6.3534270e-01 -2.7631741e-02
1.2410417e+02 2.1905712e+02 -7.4398274e+00 2.2723391e+02 7.8497175e-01 -1.5786654e-02 6.1878263e-01 -2.6042168e-02
1.2452152e+02 2.2028246e+02 -7.4358896e+00 2.2687129e+02 8.0306321e-01 -1.3216855e-02 5.9530829e-01 -2.2865539e-02
1.2493879e+02 2.2155300e+02 -7.4155884e+00 2.2639036e+02 8.2659953e-01 -1.2620719e-02 5.6225094e-01 -2.1161564e-02
1.2535618e+02 2.2294303e+02 -7.3970369e+00 2.2577096e+02 8.5785418e-01 -5.8629313e-03 5.1364104e-01 -1.4990730e-02
1.2577358e+02 2.2438005e+02 -7.3549611e+00 2.2477753e+02 8.8896645e-01 -3.6457719e-03 4.5758414e-01 -1.8496429e-02
1.2619076e+02 2.2577304e+02 -7.3130126e+00 2.2344544e+02 9.1884449e-01 -6.6625502e-04 3.9413497e-01 -1.9544220e-02
1.2660785e+02 2.2715705e+02 -7.2268626e+00 2.2191008e+02 9.4819194e-01 1.9975637e-03 3.1709856e-01 -1.9405071e-02
1.2702483e+02 2.2831372e+02 -7.1523780e+00 2.1991186e+02 9.6759025e-01 1.8010582e-03 2.5178985e-01 -1.9176330e-02
1.2744185e+02 2.2928463e+02 -7.0702609e+00 2.1768786e+02 9.8353256e-01 4.8864006e-03 1.7916081e-01 -2.3264241e-02
1.2785887e+02 2.2983295e+02 -6.9641558e+00 2.1524156e+02 9.9379426e-01 6.3018077e-03 1.0819080e-01 -2.5060223e-02
1.2827580e+02 2.3015615e+02 -6.8795419e+00 2.1253386e+02 9.9945469e-01 2.6241287e-03 2.6802921e-02 -1.9106247e-02
1.2869223e+02 2.3005674e+02 -6.8171518e+00 2.0966803e+02 9.9928486e-01 1.0622441e-03 -3.2771007e-02 -1.8833744e-02
1.2910884e+02 2.2969646e+02 -6.7490067e+00 2.0673362e+02 9.9699188e-01 4.2454128e-03 -7.4257843e-02 -2.1793322e-02
1.2952460e+02 2.2912878e+02 -6.6182498e+00 2.0369301e+02 9.9233223e-01 9.2205242e-03 -1.1916719e-01 -3.1478785e-02
1.2994082e+02 2.2828273e+02 -6.4808709e+00 2.0064164e+02 9.8958927e-01 1.2416834e-02 -1.4166393e-01 -2.2141005e-02
1.3035694e+02 2.2728344e+02 -6.3730781e+00 1.9746595e+02 9.8718759e-01 5.2539603e-03 -1.5799026e-01 -2.1728816e-02
1.3077326e+02 2.2620209e+02 -6.2984657e+00 1.9425178e+02 9.8661312e-01 4.2282673e-03 -1.6181201e-01 -1.9837947e-02
1.3118939e+02 2.2513456e+02 -6.2488764e+00 1.9101684e+02 9.8742323e-01 1.7097637e-03 -1.5675017e-01 -2.0538189e-02
1.3160552e+02 2.2412940e+02 -6.1429555e+00 1.8774715e+02 9.8942574e-01 -2.9660753e-03 -1.4384002e-01 -1.8383681e-02
1.3202183e+02 2.2326452e+02 -6.1240864e+00 1.8461526e+02 9.9107254e-01 -4.0272101e-03 -1.3207393e-01 -1.7761463e-02
1.3243844e+02 2.2251242e+02 -6.0874633e+00 1.8167057e+02 9.9149452e-01 -2.6077321e-03 -1.2890764e-01 -1.7738180e-02
1.3285542e+02 2.2184407e+02 -6.0991354e+00 1.7898000e+02 9.9155631e-01 -8.6179524e-04 -1.2871120e-01 -1.5772642e-02
1.3327250e+02 2.2117705e+02 -6.0603392e+00 1.7652552e+02 9.9053602e-01 2.4665474e-04 -1.3648643e-01 -1.4484131e-02
1.3368984e+02 2.2053189e+02 -6.0060360e+00 1.7444384e+02 9.8812812e-01 -5.7930172e-03 -1.5287192e-01 -1.4122056e-02
1.3410756e+02 2.1978556e+02 -6.0063493e+00 1.7239230e+02 9.7984809e-01 -4.1421221e-03 -1.9921560e-01 -1.3917622e-02
1.3452566e+02 2.1881658e+02 -5.9596586e+00 1.7061367e+02 9.6196085e-01 -3.0283102e-03 -2.7292636e-01 -1.1547618e-02
1.3494383e+02 2.1754568e+02 -5.9546719e+00 1.6911467e+02 9.3108429e-01 -3.6440754e-03 -3.6470918e-01 -7.4815849e-03
1.3536163e+02 2.1612145e+02 -5.9277070e+00 1.6821070e+02 9.1184057e-01 6.4326629e-04 -4.1033438e-01 -1.3117034e-02
1.3577895e+02 2.1451550e+02 -5.8991334e+00 1.6722577e+02 8.7450419e-01 5.7576693e-04 -4.8471601e-01 -1.7101943e-02
1.3619601e+02 2.1273401e+02 -5.8276705e+00 1.6661562e+02 8.3847842e-01 2.2600346e-03 -5.4449686e-01 -2.1725729e-02
1.3661220e+02 2.1067423e+02 -5.7964390e+00 1.6598980e+02 8.0087698e-01 3.8952301e-03 -5.9841899e-01 -2.1808533e-02
1.3702788e+02 2.0832291e+02 -5.8477065e+00 1.6545035e+02 7.7753931e-01 7.0069718e-03 -6.2850794e-01 -1.9007833e-02
1.3744368e+02 2.0588766e+02 -5.7666337e+00 1.6495700e+02 7.5883785e-01 9.8089537e-03 -6.5080765e-01 -2.2766361e-02
1.3785956e+02 2.0308550e+02 -5.7501848e+00 1.6459933e+02 7.5204627e-01 1.0907740e-02 -6.5867508e-01 -2.1320372e-02
1.3827557e+02 2.0012957e+02 -5.7347486e+00 1.6417703e+02 7.5253455e-01 1.2618991e-02 -6.5809535e-01 -2.1047957e-02
1.3869204e+02 1.9699260e+02 -5.7385512e+00 1.6371142e+02 7.5103770e-01 1.6213240e-02 -6.5972850e-01 -2.0924087e-02
1.3910870e+02 1.9366431e+02 -5.6928350e+00 1.6327760e+02 7.4944327e-01 1.6473211e-02 -6.6149365e-01 -2.2126154e-02
1.3952551e+02 1.9010725e+02 -5.7168575e+00 1.6283979e+02 7.4546593e-01 2.0356405e-02 -6.6584148e-01 -2.2831802e-02
1.3994217e+02 1.8640159e+02 -5.6823759e+00 1.6240932e+02 7.4389121e-01 1.9512078e-02 -6.6764550e-01 -2.2240360e-02
1.4035877e+02 1.8255209e+02 -5.7015063e+00 1.6190116e+02 7.4120047e-01 1.8275901e-02 -6.7071214e-01 -2.0810432e-02
1.4077535e+02 1.7885608e+02 -5.7481692e+00 1.6157865e+02 7.4598952e-01 1.9642749e-02 -6.6528843e-01 -2.2474495e-02
1.4119194e+02 1.7506393e+02 -5.7382482e+00 1.6111422e+02 7.4499058e-01 1.6578770e-02 -6.6644980e-01 -2.3639716e-02
1.4160851e+02 1.7123744e+02 -5.7339134e+00 1.6064663e+02 7.4369066e-01 1.7217512e-02 -6.6789838e-01 -2.3227296e-02
1.4202510e+02 1.6753314e+02 -5.7485378e+00 1.6023763e+02 7.4304692e-01 1.6750677e-02 -6.6865865e-01 -2.2278004e-02
1.4244178e+02 1.6387551e+02 -5.7509141e+00 1.5982321e+02 7.4238043e-01 1.6141856e-02 -6.6941813e-01 -2.2138064e-02
1.4285863e+02 1.6015882e+02 -5.7669037e+00 1.5942881e+02 7.4220453e-01 1.5639585e-02 -6.6963181e-01 -2.1933615e-02
1.4327558e+02 1.5638998e+02 -5.7655153e+00 1.5904401e+02 7.3933334e-01 1.3960685e-02 -6.7289875e-01 -1.9964532e-02
1.4369253e+02 1.5260088e+02 -5.7495736e+00 1.5868170e+02 7.3814519e-01 1.0577193e-02 -6.7426873e-01 -1.9785919e-02
1.4410940e+02 1.4878521e+02 -5.7521428e+00 1.5831942e+02 7.3940194e-01 1.2348721e-02 -6.7293788e-01 -1.6937656e-02
1.4452602e+02 1.4489079e+02 -5.7401854e+00 1.5790171e+02 7.4470792e-01 1.1418821e-02 -6.6704381e-01 -1.8228350e-02
1.4494255e+02 1.4087357e+02 -5.7538652e+00 1.5739413e+02 7.5189635e-01 1.2142759e-02 -6.5887633e-01 -1.9657572e-02
1.4535930e+02 1.3685738e+02 -5.7436258e+00 1.5681465e+02 7.5528657e-01 1.4811954e-02 -6.5499518e-01 -1.7438997e-02
1.4577615e+02 1.3266566e+02 -5.7598705e+00 1.5617467e+02 7.5690732e-01 1.0014577e-02 -6.5320799e-01 -1.7616479e-02
1.4619291e+02 1.2845066e+02 -5.7575323e+00 1.5551943e+02 7.5638676e-01 1.0836123e-02 -6.5375076e-01 -1.9276672e-02
1.4660961e+02 1.2421332e+02 -5.7439725e+00 1.5492840e+02 7.5698861e-01 1.1376945e-02 -6.5308330e-01 -1.7916894e-02
1.4702627e+02 1.1990675e+02 -5.7184223e+00 1.5424094e+02 7.5574847e-01 1.1852097e-02 -6.5453588e-01 -1.6927955e-02
1.4744290e+02 1.1569413e+02 -5.7518543e+00 1.5360151e+02 7.5578564e-01 1.0555400e-02 -6.5451110e-01 -1.7084295e-02
1.4785951e+02 1.1143127e+02 -5.7588592e+00 1.5293762e+02 7.5540073e-01 1.0777156e-02 -6.5492609e-01 -1.8038949e-02
1.4827619e+02 1.0725249e+02 -5.7854044e+00 1.5238188e+02 7.5886542e-01 1.2700456e-02 -6.5080608e-01 -2.0332574e-02
1.4869300e+02 1.0304960e+02 -5.7625895e+00 1.5170870e+02 7.5143288e-01 1.7310849e-02 -6.5927597e-01 -2.0103580e-02
1.4910973e+02 9.8758952e+01 -5.7893060e+00 1.5116558e+02 7.4820932e-01 1.5048014e-02 -6.6297670e-01 -2.0451662e-02
1.4952633e+02 9.4417503e+01 -5.7924074e+00 1.5064783e+02 7.4494493e-01 1.4799182e-02 -6.6675457e-01 -1.6624629e-02
1.4994278e+02 9.0092162e+01 -5.8648982e+00 1.5017359e+02 7.4525455e-01 1.2363370e-02 -6.6650407e-01 -1.4667245e-02
1.5035917e+02 8.5723660e+01 -5.8770280e+00 1.4964128e+02 7.4589827e-01 8.2607800e-03 -6.6584101e-01 -1.4942445e-02
1.5077558e+02 8.1308970e+01 -5.9161206e+00 1.4908041e+02 7.5041074e-01 9.8234242e-03 -6.6079944e-01 -1.1459189e-02
1.5119207e+02 7.6726647e+01 -5.9359387e+00 1.4843848e+02 7.5422741e-01 1.0315549e-02 -6.5642416e-01 -1.1913691e-02
1.5160853e+02 7.2178288e+01 -5.9759091e+00 1.4778338e+02 7.5744292e-01 8.2292481e-03 -6.5274251e-01 -1.1820067e-02
1.5202496e+02 6.7542781e+01 -5.9794812e+00 1.4702846e+02 7.6009631e-01 7.0590832e-03 -6.4963509e-01 -1.3342449e-02
1.5244145e+02 6.2935389e+01 -6.0051249e+00 1.4624709e+02 7.6381467e-01 9.1160119e-03 -6.4521595e-01 -1.4157126e-02
1.5285802e+02 5.8378662e+01 -6.0350624e+00 1.4544319e+02 7.6474213e-01 7.9992542e-03 -6.4415538e-01 -1.3012756e-02
1.5327459e+02 5.3854912e+01 -6.0503421e+00 1.4461353e+02 7.6590004e-01 1.0701505e-02 -6.4275511e-01 -1.2185364e-02
1.5369112e+02 4.9380748e+01 -6.1087631e+00 1.4377712e+02 7.6784940e-01 8.2547126e-03 -6.4048521e-01 -1.0856374e-02
1.5410764e+02 4.5030458e+01 -6.1463521e+00 1.4292701e+02 7.7025982e-01 8.7732695e-03 -6.3753949e-01 -1.2893187e-02
1.5452417e+02 4.0821099e+01 -6.1862309e+00 1.4211268e+02 7.7280500e-01 9.7640481e-03 -6.3437505e-01 -1.5665055e-02
1.5494069e+02 3.6904120e+01 -6.2139319e+00 1.4123193e+02 7.7292042e-01 9.9820170e-03 -6.3420327e-01 -1.6751072e-02
1.5535737e+02 3.3251552e+01 -6.2334305e+00 1.4044287e+02 7.7508470e-01 1.0133907e-02 -6.3158008e-01 -1.5735620e-02
1.5577415e+02 2.9846519e+01 -6.2796077e+00 1.3966890e+02 7.7275248e-01 9.9007325e-03 -6.3444433e-01 -1.5361494e-02
1.5619124e+02 2.6555869e+01 -6.2767770e+00 1.3904888e+02 7.6622357e-01 1.1272245e-02 -6.4228999e-01 -1.5425304e-02
1.5660858e+02 2.3481594e+01 -6.3039683e+00 1.3861566e+02 7.5327729e-01 1.1197506e-02 -6.5744856e-01 -1.4468533e-02
1.5702574e+02 2.0609334e+01 -6.3332818e+00 1.3835186e+02 7.4189649e-01 6.2163744e-03 -6.7036256e-01 -1.2845028e-02
1.5744250e+02 1.7887348e+01 -6.3314099e+00 1.3813960e+02 7.3247633e-01 3.1797935e-03 -6.8068911e-01 -1.1430595e-02
1.5785898e+02 1.5313439e+01 -6.3535214e+00 1.3795820e+02 7.3384376e-01 -2.9629674e-03 -6.7927694e-01 -6.8835893e-03
1.5827550e+02 1.3112457e+01 -6.3795241e+00 1.3777854e+02 7.4191916e-01 -5.9027692e-03 -6.7041724e-01 -7.8634537e-03
1.5869220e+02 1.1242159e+01 -6.3775373e+00 1.3752338e+02 7.4763200e-01 -7.3131413e-03 -6.6405669e-01 -4.6490245e-03
1.5910906e+02 9.7757930e+00 -6.3882146e+00 1.3734399e+02 7.5358268e-01 -4.4532439e-03 -6.5732567e-01 -4.0347562e-03
1.5952595e+02 8.6973954e+00 -6.4089123e+00 1.3716591e+02 7.5523592e-01 -2.2332729e-03 -6.5543107e-01 -4.8814725e-03
1.5994290e+02 7.8319075e+00 -6.4119400e+00 1.3703844e+02 7.5740168e-01 6.2303446e-04 -6.5294272e-01 -2.8482237e-03
1.6035992e+02 7.0455699e+00 -6.4405753e+00 1.3693277e+02 7.6031429e-01 2.9813760e-03 -6.4954303e-01 -2.6734054e-03
1.6077693e+02 6.2668461e+00 -6.4433271e+00 1.3678744e+02 7.6274944e-01 1.7313595e-03 -6.4668764e-01 -2.3203130e-03
1.6119380e+02 5.4759137e+00 -6.4510925e+00 1.3654308e+02 7.6462456e-01 2.2295191e-03 -6.4446431e-01 -3.1727687e-03
1.6161061e+02 4.5233663e+00 -6.4723822e+00 1.3645634e+02 7.7163132e-01 6.5427944e-03 -6.3603129e-01 -2.5474504e-03
1.6202740e+02 3.2069545e+00 -6.5070425e+00 1.3600648e+02 7.7196951e-01 9.7651460e-03 -6.3558344e-01 -1.1861170e-03
1.6244434e+02 1.6497279e+00 -6.5030342e+00 1.3574076e+02 7.7455930e-01 1.5640224e-02 -6.3230092e-01 -2.9700484e-03
1.6286130e+02 -3.0546830e-01 -6.5290711e+00 1.3531001e+02 7.7335111e-01 1.0556389e-02 -6.3380098e-01 -1.0627659e-02
1.6327826e+02 -2.5453238e+00 -6.5483087e+00 1.3489800e+02 7.7421981e-01 1.7150569e-03 -6.3288498e-01 -6.1110518e-03
1.6369504e+02 -5.1278470e+00 -6.5494029e+00 1.3435950e+02 7.7661558e-01 -3.8141797e-03 -6.2994943e-01 -4.1720997e-03
1.6411193e+02 -7.8846230e+00 -6.5408345e+00 1.3373063e+02 7.7963536e-01 7.3324858e-03 -6.2618032e-01 3.6254959e-03
1.6452887e+02 -1.1024579e+01 -6.5961412e+00 1.3306666e+02 7.8087885e-01 2.8867221e-03 -6.2467554e-01 -6.0124657e-04
1.6494579e+02 -1.4357017e+01 -6.6394181e+00 1.3227206e+02 7.8119740e-01 5.9262582e-03 -6.2425332e-01 -1.8157502e-03
1.6536267e+02 -1.7875117e+01 -6.6663148e+00 1.3144332e+02 7.8265636e-01 3.5928793e-03 -6.2242140e-01 -5.2648296e-03
1.6577963e+02 -2.1632743e+01 -6.6951462e+00 1.3058595e+02 7.8027974e-01 3.8635211e-03 -6.2540403e-01 -4.2894783e-03
1.6619662e+02 -2.5431951e+01 -6.7083996e+00 1.2972711e+02 7.7692931e-01 2.6111571e-03 -6.2957153e-01 -3.7035714e-03
1.6661343e+02 -2.9435287e+01 -6.7528774e+00 1.2886670e+02 7.7871285e-01 1.7708170e-03 -6.2736480e-01 -4.0693444e-03
1.6703011e+02 -3.3476657e+01 -6.7754181e+00 1.2790466e+02 7.7554646e-01 3.8550613e-03 -6.3126351e-01 -4.3829050e-03
1.6744679e+02 -3.7608425e+01 -6.7737737e+00 1.2703829e+02 7.8102563e-01 -4.6598349e-05 -6.2447476e-01 -5.4992870e-03
1.6786338e+02 -4.1721966e+01 -6.8039085e+00 1.2609612e+02 7.7896451e-01 1.6355686e-03 -6.2702956e-01 -6.7488235e-03
1.6827995e+02 -4.5894423e+01 -6.8267390e+00 1.2511856e+02 7.7910543e-01 2.5902450e-03 -6.2677435e-01 -1.1913593e-02
1.6869656e+02 -5.0004515e+01 -6.8113114e+00 1.2421471e+02 7.7887402e-01 3.4408854e-03 -6.2711737e-01 -8.1986798e-03
1.6911328e+02 -5.4186304e+01 -6.8420416e+00 1.2333731e+02 7.8237354e-01 4.6826252e-04 -6.2276202e-01 -7.6739708e-03
1.6952996e+02 -5.8308266e+01 -6.8509404e+00 1.2236126e+02 7.7843792e-01 2.8793140e-03 -6.2768506e-01 -6.1306946e-03
1.6994670e+02 -6.2533803e+01 -6.8752697e+00 1.2143851e+02 7.8070865e-01 -8.9098368e-05 -6.2486844e-01 -5.7815023e-03
1.7036348e+02 -6.6744665e+01 -6.9093710e+00 1.2043875e+02 7.8305948e-01 2.6112542e-03 -6.2188367e-01 -8.4691422e-03
1.7078015e+02 -7.0969115e+01 -6.9197679e+00 1.1943842e+02 7.8354236e-01 2.6058373e-03 -6.2127082e-01 -8.7834371e-03
1.7119675e+02 -7.5147823e+01 -6.9394828e+00 1.1840175e+02 7.8574813e-01 4.4360963e-03 -6.1848203e-01 -7.7572054e-03
1.7161342e+02 -7.9371756e+01 -6.9645867e+00 1.1735126e+02 7.8912948e-01 6.6213152e-03 -6.1418301e-01 -3.1712305e-03
1.7203007e+02 -8.3624183e+01 -7.0000189e+00 1.1620148e+02 7.9178085e-01 4.5907903e-03 -6.1073711e-01 -7.8862008e-03
1.7244660e+02 -8.7792447e+01 -7.0450484e+00 1.1507352e+02 7.9478380e-01 5.6209847e-03 -6.0685112e-01 -4.3409275e-03
1.7286312e+02 -9.2051525e+01 -7.0870108e+00 1.1385720e+02 7.9812908e-01 4.1148196e-03 -6.0243508e-01 -6.7087864e-03
1.7327956e+02 -9.6305498e+01 -7.1256825e+00 1.1259930e+02 8.0064666e-01 4.3529172e-03 -5.9909914e-01 -5.1180106e-03
1.7369604e+02 -1.0050265e+02 -7.1681260e+00 1.1133941e+02 8.0195240e-01 1.6337985e-03 -5.9736837e-01 -4.5501188e-03
1.7411257e+02 -1.0481644e+02 -7.1994122e+00 1.0997290e+02 8.0470430e-01 -1.3822324e-03 -5.9367184e-01 -1.6819319e-03
1.7452920e+02 -1.0904466e+02 -7.2363028e+00 1.0864523e+02 8.0619813e-01 -2.8636710e-04 -5.9164359e-01 -1.5334341e-03
1.7494586e+02 -1.1331314e+02 -7.2687751e+00 1.0727917e+02 8.0596318e-01 -4.0531036e-03 -5.9195082e-01 1.0721595e-03
1.7536244e+02 -1.1761021e+02 -7.3168051e+00 1.0593917e+02 8.0639798e-01 -1.9332445e-03 -5.9136742e-01 -1.7692400e-03
1.7577893e+02 -1.2194058e+02 -7.3641476e+00 1.0452195e+02 8.0571462e-01 -1.7881756e-03 -5.9229747e-01 -2.1127181e-03
1.7619539e+02 -1.2625762e+02 -7.3967049e+00 1.0311057e+02 8.0455236e-01 -4.1889333e-04 -5.9387802e-01 -2.0553973e-03
1.7661182e+02 -1.3065880e+02 -7.4134031e+00 1.0171848e+02 8.0629552e-01 -1.5897297e-03 -5.9150799e-01 -1.8181913e-03
1.7702821e+02 -1.3501857e+02 -7.5022037e+00 1.0035277e+02 8.0782549e-01 -5.0777632e-04 -5.8940202e-01 -4.7924935e-03
1.7744463e+02 -1.3936884e+02 -7.5073431e+00 9.8961498e+01 8.0779118e-01 -6.2101376e-03 -5.8943454e-01 1.3302232e-03
1.7786106e+02 -1.4367853e+02 -7.5643622e+00 9.7536961e+01 8.0843997e-01 -2.9206037e-03 -5.8856914e-01 -1.6277611e-03
1.7827754e+02 -1.4796928e+02 -7.5768121e+00 9.6160065e+01 8.0938544e-01 -1.4841470e-03 -5.8727584e-01 3.1046390e-04
1.7869403e+02 -1.5222080e+02 -7.6773168e+00 9.4777998e+01 8.0801613e-01 -5.2980197e-03 -5.8913550e-01 -1.1114458e-03
1.7911050e+02 -1.5638230e+02 -7.6622930e+00 9.3432172e+01 8.0807891e-01 -7.4430563e-03 -5.8898872e-01 6.7346498e-03
1.7952688e+02 -1.6054522e+02 -7.6573244e+00 9.2079197e+01 8.0885806e-01 -1.7227570e-02 -5.8774916e-01 -1.6676878e-03
1.7994331e+02 -1.6446461e+02 -7.7230651e+00 9.0773133e+01 8.0898299e-01 -1.7067581e-03 -5.8780530e-01 5.3413931e-03
1.8035983e+02 -1.6835431e+02 -7.7371486e+00 8.9477721e+01 8.0933797e-01 -9.9386078e-03 -5.8723590e-01 -5.2218614e-03
1.8077629e+02 -1.7209219e+02 -7.7650103e+00 8.8237157e+01 8.0973715e-01 -7.7495495e-03 -5.8674128e-01 -5.9318229e-04
1.8119290e+02 -1.7580611e+02 -7.7776153e+00 8.7027393e+01 8.0781867e-01 -5.7488883e-03 -5.8940271e-01 6.2561355e-04
1.8160930e+02 -1.7943755e+02 -7.8083131e+00 8.5851346e+01 8.0878387e-01 -2.4393252e-03 -5.8809364e-01 -2.9291990e-03
1.8202563e+02 -1.8289635e+02 -7.8352293e+00 8.4678382e+01 8.1183599e-01 8.8805143e-04 -5.8386733e-01 -4.5254673e-03
1.8244196e+02 -1.8632705e+02 -7.8554922e+00 8.3481574e+01 8.1706003e-01 -3.4420473e-03 -5.7653015e-01 -3.7484521e-03
1.8285833e+02 -1.8968437e+02 -7.9022514e+00 8.2148657e+01 8.2024109e-01 -5.0097765e-03 -5.7197931e-01 -4.3727057e-03
1.8327494e+02 -1.9288947e+02 -7.9037851e+00 8.0879266e+01 8.3167525e-01 -1.6481919e-03 -5.5525371e-01 -2.6211979e-03
1.8369203e+02 -1.9603056e+02 -7.9300768e+00 7.9498584e+01 8.3124068e-01 -2.0161299e-03 -5.5589111e-01 -4.4659511e-03
1.8410914e+02 -1.9905133e+02 -7.9634152e+00 7.8241510e+01 8.2959006e-01 4.6204507e-04 -5.5830040e-01 -8.9874612e-03
1.8452656e+02 -2.0190811e+02 -7.9519129e+00 7.7085810e+01 8.1916094e-01 3.1929997e-03 -5.7343516e-01 -1.1716491e-02
1.8494380e+02 -2.0472747e+02 -7.9648259e+00 7.6155290e+01 8.0549158e-01 3.6945270e-03 -5.9243518e-01 -1.3792254e-02
1.8536099e+02 -2.0739099e+02 -7.9549398e+00 7.5396558e+01 7.8634999e-01 2.3829763e-03 -6.1763136e-01 -1.3398217e-02
1.8577806e+02 -2.0990117e+02 -7.9362558e+00 7.4869648e+01 7.6769469e-01 -9.7112583e-04 -6.4071012e-01 -1.1595486e-02
1.8619494e+02 -2.1230299e+02 -7.9455617e+00 7.4537587e+01 7.4881966e-01 9.0164937e-04 -6.6270394e-01 -9.5809754e-03
1.8661175e+02 -2.1449886e+02 -7.9608194e+00 7.4363764e+01 7.3258089e-01 -1.7248844e-03 -6.8061529e-01 -9.2250297e-03
1.8702809e+02 -2.1655571e+02 -7.9357931e+00 7.4256897e+01 7.2804685e-01 -4.5528822e-03 -6.8546574e-01 -7.9858208e-03
1.8744420e+02 -2.1842176e+02 -7.9448919e+00 7.4140126e+01 7.3656448e-01 -7.5322145e-03 -6.7629000e-01 -6.9187342e-03
1.8786006e+02 -2.2011451e+02 -7.9462396e+00 7.3866110e+01 7.5145419e-01 -8.0810457e-03 -6.5972434e-01 -3.8841916e-03
1.8827586e+02 -2.2150833e+02 -7.9381837e+00 7.3565213e+01 7.8870097e-01 -9.2362061e-03 -6.1468630e-01 -5.1207942e-03
1.8869165e+02 -2.2268423e+02 -7.9623218e+00 7.3030149e+01 8.3110076e-01 -6.5250229e-03 -5.5607216e-01 -3.5645372e-03
1.8910780e+02 -2.2373124e+02 -7.9614491e+00 7.2341076e+01 8.6802588e-01 -3.0300523e-03 -4.9650038e-01 -3.0454362e-03
1.8952425e+02 -2.2461619e+02 -7.9527253e+00 7.1649483e+01 9.0199359e-01 7.5799530e-03 -4.3162014e-01 -7.3596841e-03
1.8994151e+02 -2.2538119e+02 -7.9802236e+00 7.0820135e+01 9.2754661e-01 8.6204421e-03 -3.7345229e-01 -1.0786793e-02
1.9035796e+02 -2.2606365e+02 -7.9487649e+00 6.9766623e+01 9.4321975e-01 1.7086735e-02 -3.3144624e-01 -1.3708685e-02
1.9077528e+02 -2.2671028e+02 -7.9638267e+00 6.8790519e+01 9.5476137e-01 1.2413744e-02 -2.9700969e-01 -7.8658333e-03
1.9119226e+02 -2.2736426e+02 -7.9679659e+00 6.7730678e+01 9.6554331e-01 1.0314605e-02 -2.6003731e-01 -5.6497861e-04
1.9160886e+02 -2.2790742e+02 -7.9851739e+00 6.6544434e+01 9.7700654e-01 4.9800083e-03 -2.1309832e-01 -4.7460080e-03
1.9202537e+02 -2.2831620e+02 -7.9944860e+00 6.5167274e+01 9.8776198e-01 4.1613389e-03 -1.5583067e-01 -5.0751883e-03
1.9244174e+02 -2.2860187e+02 -7.9772221e+00 6.3647579e+01 9.9618421e-01 6.5316352e-03 -8.7017053e-02 -1.5476305e-03
1.9285846e+02 -2.2872483e+02 -7.9666301e+00 6.1767653e+01 9.9952517e-01 3.8916657e-03 -3.0464394e-02 -2.4919365e-03
1.9327628e+02 -2.2875308e+02 -7.9432823e+00 5.9578485e+01 9.9998618e-01 2.6671960e-03 -2.6940333e-03 -3.6416724e-03
1.9369268e+02 -2.2869061e+02 -7.9497539e+00 5.7003903e+01 9.9949522e-01 -1.3984140e-04 3.1726406e-02 -1.6478623e-03
1.9410961e+02 -2.2834922e+02 -7.9262224e+00 5.4005279e+01 9.9831118e-01 9.9999284e-04 5.7937565e-02 -4.1268257e-03
1.9452689e+02 -2.2786837e+02 -7.9286996e+00 5.0673397e+01 9.9741287e-01 -4.4713863e-04 7.1772790e-02 -4.0041768e-03
1.9494412e+02 -2.2729053e+02 -7.9069337e+00 4.6955565e+01 9.9697557e-01 -7.5738622e-05 7.7626403e-02 -3.7214907e-03
1.9536117e+02 -2.2665861e+02 -7.8804237e+00 4.2903948e+01 9.9676983e-01 -4.6872736e-03 8.0042018e-02 -4.6057472e-03
1.9577811e+02 -2.2588349e+02 -7.8825068e+00 3.8431829e+01 9.9652532e-01 -3.1382427e-03 8.3148421e-02 -3.7118351e-03
1.9619487e+02 -2.2504915e+02 -7.8402991e+00 3.3732742e+01 9.9635661e-01 -5.8093454e-03 8.4618912e-02 -8.9103807e-03
1.9661163e+02 -2.2420522e+02 -7.8519461e+00 2.9097513e+01 9.9602023e-01 -2.1672534e-03 8.8691049e-02 -8.5378063e-03
1.9702836e+02 -2.2329981e+02 -7.7943141e+00 2.4362294e+01 9.9536112e-01 -3.1452586e-03 9.5817394e-02 -8.0855366e-03
1.9744514e+02 -2.2236785e+02 -7.7914121e+00 1.9813494e+01 9.9496775e-01 -3.6279484e-03 9.9561807e-02 -1.0652027e-02
1.9786185e+02 -2.2141501e+02 -7.7874677e+00 1.5260002e+01 9.9486842e-01 -1.0702224e-04 1.0073826e-01 -9.4137213e-03
1.9827843e+02 -2.2046478e+02 -7.7423303e+00 1.0714484e+01 9.9450262e-01 -9.8767890e-05 1.0410259e-01 -1.1277201e-02
1.9869489e+02 -2.1948038e+02 -7.7029655e+00 6.2108011e+00 9.9423263e-01 2.1807775e-03 1.0656797e-01 -1.1831502e-02
1.9911134e+02 -2.1848124e+02 -7.6740656e+00 1.7690492e+00 9.9375076e-01 1.5803862e-03 1.1126982e-01 -8.7158202e-03
1.9952783e+02 -2.1733764e+02 -7.6788867e+00 -2.6853086e+00 9.9444447e-01 9.6010204e-04 1.0471241e-01 -1.0704284e-02
1.9994455e+02 -2.1643024e+02 -7.6685448e+00 -7.0090657e+00 9.9458596e-01 1.4107909e-03 1.0351774e-01 -8.9922469e-03
2.0036121e+02 -2.1555355e+02 -7.6126681e+00 -1.1394650e+01 9.9513990e-01 -1.7709239e-03 9.8050815e-02 -8.9150970e-03
2.0077783e+02 -2.1462439e+02 -7.5732777e+00 -1.5797637e+01 9.9550864e-01 3.9632585e-03 9.3771346e-02 -1.2400689e-02
2.0119431e+02 -2.1382326e+02 -7.5440872e+00 -2.0099226e+01 9.9543541e-01 1.7851013e-03 9.4961291e-02 -9.3549476e-03
2.0161096e+02 -2.1297235e+02 -7.5070863e+00 -2.4384504e+01 9.9555674e-01 3.6542826e-03 9.3021950e-02 -1.4153861e-02
2.0202754e+02 -2.1216979e+02 -7.4556313e+00 -2.8540413e+01 9.9540913e-01 5.9346943e-04 9.4774087e-02 -1.3348375e-02
2.0244411e+02 -2.1131858e+02 -7.4182893e+00 -3.2814927e+01 9.9518616e-01 4.6925628e-03 9.6918180e-02 -1.3760496e-02
2.0286079e+02 -2.1042348e+02 -7.3546837e+00 -3.6970503e+01 9.9497488e-01 3.8297649e-03 9.9195756e-02 -1.3058776e-02
2.0327749e+02 -2.0955094e+02 -7.3037642e+00 -4.1099525e+01 9.9465333e-01 4.6695545e-03 1.0232688e-01 -1.3120860e-02
2.0369425e+02 -2.0866937e+02 -7.2718615e+00 -4.5196377e+01 9.9472089e-01 5.9122040e-03 1.0171614e-01 -1.2215428e-02
2.0411126e+02 -2.0780494e+02 -7.2024432e+00 -4.9202306e+01 9.9513856e-01 6.4072639e-03 9.7248093e-02 -1.4177357e-02
2.0452830e+02 -2.0700597e+02 -7.1530612e+00 -5.3324427e+01 9.9569000e-01 7.3431175e-03 9.1408563e-02 -1.3855820e-02
2.0494491e+02 -2.0625355e+02 -7.1153718e+00 -5.7338967e+01 9.9585288e-01 7.6712655e-03 8.9594970e-02 -1.3818172e-02
2.0536153e+02 -2.0553273e+02 -7.0687066e+00 -6.1178595e+01 9.9600928e-01 8.4763119e-03 8.7815722e-02 -1.3493462e-02
2.0577776e+02 -2.0483114e+02 -7.0177118e+00 -6.5097528e+01 9.9535336e-01 5.6395880e-03 9.5063501e-02 -1.4241393e-02
2.0619373e+02 -2.0394045e+02 -6.9488027e+00 -6.9004556e+01 9.9341055e-01 4.5642982e-03 1.1358715e-01 -1.4581029e-02
2.0660976e+02 -2.0291991e+02 -6.8984029e+00 -7.2757555e+01 9.9058873e-01 3.7647117e-03 1.3612783e-01 -1.3747785e-02
2.0702564e+02 -2.0175493e+02 -6.8470188e+00 -7.6395059e+01 9.8531061e-01 -2.4636141e-04 1.7014311e-01 -1.4637691e-02
2.0744161e+02 -2.0027933e+02 -6.7945226e+00 -7.9946650e+01 9.7780445e-01 3.7233964e-04 2.0899211e-01 -1.4853239e-02
2.0785760e+02 -1.9848220e+02 -6.7483727e+00 -8.3382536e+01 9.6731091e-01 4.7648831e-04 2.5328397e-01 -1.2513952e-02
2.0827365e+02 -1.9636036e+02 -6.7083719e+00 -8.6729794e+01 9.5368830e-01 -1.3514063e-03 3.0051667e-01 -1.2904424e-02
2.0868978e+02 -1.9381167e+02 -6.6513003e+00 -8.9867961e+01 9.3999503e-01 -3.8940750e-03 3.4090270e-01 -1.3398505e-02
2.0910616e+02 -1.9100881e+02 -6.5742300e+00 -9.2798249e+01 9.2337910e-01 -3.4730767e-03 3.8370741e-01 -1.1295747e-02
2.0952290e+02 -1.8790696e+02 -6.5675074e+00 -9.5613928e+01 9.0950423e-01 -6.0743000e-04 4.1559428e-01 -9.1152267e-03
2.0993999e+02 -1.8458801e+02 -6.5234172e+00 -9.8317039e+01 9.0433430e-01 -5.1842501e-04 4.2674237e-01 -8.3756047e-03
2.1035693e+02 -1.8118622e+02 -6.5085559e+00 -1.0111508e+02 9.0170101e-01 -8.4391950e-04 4.3229408e-01 -7.5103842e-03
2.1077375e+02 -1.7769737e+02 -6.5304632e+00 -1.0391264e+02 9.0039580e-01 9.8756845e-04 4.3499871e-01 -7.9090831e-03
2.1119058e+02 -1.7413726e+02 -6.5212687e+00 -1.0678811e+02 9.0805471e-01 3.2536575e-03 4.1877676e-01 -7.2166471e-03
2.1160738e+02 -1.7082609e+02 -6.5294397e+00 -1.0965677e+02 9.1397457e-01 5.3941900e-03 4.0569842e-01 -5.4941027e-03
2.1202401e+02 -1.6761520e+02 -6.5547337e+00 -1.1266757e+02 9.1950318e-01 5.6312199e-03 3.9295569e-01 -8.2474504e-03
2.1244032e+02 -1.6449890e+02 -6.5275262e+00 -1.1563113e+02 9.2136711e-01 2.3705889e-03 3.8857020e-01 -9.4986355e-03
2.1285663e+02 -1.6143592e+02 -6.4997524e+00 -1.1862869e+02 9.2233717e-01 -2.4919743e-03 3.8620010e-01 -1.1722617e-02
2.1327291e+02 -1.5844167e+02 -6.4918737e+00 -1.2160352e+02 9.2180458e-01 -2.5105524e-03 3.8745107e-01 -1.2315530e-02
2.1368914e+02 -1.5552182e+02 -6.4820024e+00 -1.2443302e+02 9.2220169e-01 -3.0382034e-03 3.8649248e-01 -1.2584702e-02
2.1410513e+02 -1.5281124e+02 -6.4716036e+00 -1.2700311e+02 9.1806910e-01 -3.9445081e-03 3.9619992e-01 -1.2616960e-02
2.1452118e+02 -1.5034359e+02 -6.4878417e+00 -1.2924736e+02 9.1112007e-01 -3.3406294e-03 4.1187448e-01 -1.4438410e-02
2.1493754e+02 -1.4813188e+02 -6.4682534e+00 -1.3107031e+02 9.0693610e-01 -3.3684354e-03 4.2103853e-01 -1.3495136e-02
2.1535398e+02 -1.4620911e+02 -6.4786723e+00 -1.3261894e+02 8.9989198e-01 -3.3352968e-03 4.3583548e-01 -1.5190213e-02
2.1577015e+02 -1.4441034e+02 -6.4540041e+00 -1.3392910e+02 8.9002608e-01 -3.9320478e-03 4.5568238e-01 -1.3844631e-02
2.1618632e+02 -1.4273553e+02 -6.4484824e+00 -1.3501737e+02 8.7451595e-01 -6.7248335e-03 4.8474987e-01 -1.3935340e-02
2.1660229e+02 -1.4115114e+02 -6.4718903e+00 -1.3585522e+02 8.5248541e-01 -6.5281069e-03 5.2252644e-01 -1.3861264e-02
2.1701852e+02 -1.3978783e+02 -6.4666711e+00 -1.3626812e+02 8.2818069e-01 -3.0655002e-03 5.6037333e-01 -9.4380862e-03
2.1743509e+02 -1.3876031e+02 -6.4650193e+00 -1.3657732e+02 7.9594772e-01 -2.0386956e-03 6.0535181e-01 -3.5004045e-03
2.1785147e+02 -1.3763943e+02 -6.4861673e+00 -1.3673050e+02 7.5921050e-01 3.8392534e-03 6.5083035e-01 -2.1311089e-03
2.1826795e+02 -1.3652257e+02 -6.4911774e+00 -1.3670121e+02 7.2151343e-01 6.2462948e-03 6.9237121e-01 1.2119294e-03
2.1868444e+02 -1.3523977e+02 -6.4951625e+00 -1.3661160e+02 6.7792411e-01 4.2855232e-03 7.3511877e-01 9.6913382e-04
2.1910087e+02 -1.3376912e+02 -6.5005193e+00 -1.3626448e+02 6.3097276e-01 8.3851879e-05 7.7580111e-01 2.4512834e-03
2.1951739e+02 -1.3214046e+02 -6.4949693e+00 -1.3570811e+02 5.8290618e-01 1.6167699e-03 8.1252666e-01 4.2653945e-03
2.1993423e+02 -1.3022742e+02 -6.5201309e+00 -1.3488307e+02 5.4060076e-01 3.6052494e-03 8.4127155e-01 -8.4932625e-05
2.2035106e+02 -1.2797793e+02 -6.4832227e+00 -1.3378967e+02 5.0065723e-01 4.0545532e-03 8.6563152e-01 -2.8222614e-03
2.2076771e+02 -1.2571655e+02 -6.4460151e+00 -1.3216922e+02 4.4855701e-01 2.4705610e-03 8.9362160e-01 -1.5196652e-02
2.2118454e+02 -1.2333271e+02 -6.4319175e+00 -1.3010315e+02 4.0199381e-01 -4.3261251e-03 9.1542054e-01 -1.9685115e-02
2.2160185e+02 -1.2084705e+02 -6.4220356e+00 -1.2759389e+02 3.6506544e-01 -1.1185014e-03 9.3077502e-01 -1.9591718e-02
2.2201955e+02 -1.1843501e+02 -6.4503497e+00 -1.2482161e+02 3.5504595e-01 3.9762917e-03 9.3473186e-01 -1.4244831e-02
2.2243703e+02 -1.1579080e+02 -6.3783937e+00 -1.2183459e+02 3.5899531e-01 -9.0285015e-04 9.3327015e-01 -1.1330353e-02
2.2285420e+02 -1.1295310e+02 -6.3715594e+00 -1.1866630e+02 3.6197661e-01 4.7358350e-03 9.3211529e-01 -1.0563623e-02
2.2327125e+02 -1.1003483e+02 -6.3492382e+00 -1.1545590e+02 3.6584022e-01 4.7919117e-03 9.3065239e-01 -4.9095154e-03
2.2368818e+02 -1.0682532e+02 -6.3012907e+00 -1.1203816e+02 3.7685844e-01 8.8151232e-03 9.2621745e-01 -4.6091143e-03
2.2410489e+02 -1.0343831e+02 -6.2425069e+00 -1.0864586e+02 3.8770909e-01 1.0079792e-02 9.2168349e-01 -8.9220164e-03
2.2452137e+02 -9.9958660e+01 -6.2016147e+00 -1.0530103e+02 4.0200480e-01 9.4793090e-03 9.1556543e-01 -6.4979954e-03
2.2493763e+02 -9.6346099e+01 -6.1245161e+00 -1.0209314e+02 4.1259713e-01 1.0201793e-02 9.1082952e-01 -7.0080833e-03
2.2535352e+02 -9.2677362e+01 -6.0682882e+00 -9.8940671e+01 4.2011293e-01 6.5064084e-03 9.0740434e-01 -8.9531969e-03
2.2576957e+02 -8.9078904e+01 -6.0253443e+00 -9.5832201e+01 4.1995731e-01 1.0574886e-02 9.0743272e-01 -9.4807907e-03
2.2618567e+02 -8.5488089e+01 -5.9813723e+00 -9.2738176e+01 4.2093387e-01 5.7591832e-03 9.0701067e-01 -1.0637645e-02
2.2660181e+02 -8.1799389e+01 -5.9499038e+00 -8.9634883e+01 4.2174728e-01 6.3784498e-03 9.0660408e-01 -1.2553458e-02
2.2701794e+02 -7.8167505e+01 -5.9155728e+00 -8.6572201e+01 4.2188882e-01 6.3194281e-03 9.0653984e-01 -1.2466376e-02
2.2743418e+02 -7.4508570e+01 -5.8553658e+00 -8.3485890e+01 4.2115972e-01 6.2392707e-03 9.0686162e-01 -1.3695106e-02
2.2785041e+02 -7.0959878e+01 -5.8328582e+00 -8.0438135e+01 4.1697743e-01 8.0066637e-03 9.0878458e-01 -1.3277999e-02
2.2826679e+02 -6.7512615e+01 -5.8115721e+00 -7.7404700e+01 4.1938475e-01 1.2686462e-02 9.0768734e-01 -7.6925131e-03
2.2868357e+02 -6.4032370e+01 -5.7327594e+00 -7.4468916e+01 4.3470104e-01 1.2261195e-02 9.0049124e-01 4.3723239e-04
2.2910032e+02 -6.0413974e+01 -5.6547178e+00 -7.1705655e+01 4.5378465e-01 1.5745826e-02 8.9096743e-01 -2.9333271e-03
2.2951667e+02 -5.6730291e+01 -5.6101675e+00 -6.9025109e+01 4.6613306e-01 1.6317319e-02 8.8455353e-01 -4.3329752e-03
2.2993308e+02 -5.3012147e+01 -5.5299255e+00 -6.6499858e+01 4.7069460e-01 1.2514720e-02 8.8220734e-01 -4.3580261e-04
2.3034938e+02 -4.9278143e+01 -5.5069531e+00 -6.4003208e+01 4.7248996e-01 1.7900968e-02 8.8115330e-01 -1.2823381e-03
2.3076596e+02 -4.5583809e+01 -5.4213120e+00 -6.1545295e+01 4.8240072e-01 1.2504476e-02 8.7584826e-01 4.7965583e-03
2.3118273e+02 -4.1697088e+01 -5.3797323e+00 -5.9154262e+01 4.9587415e-01 1.5767396e-02 8.6825034e-01 1.2508485e-03
2.3159947e+02 -3.7769080e+01 -5.3390210e+00 -5.6929496e+01 5.0723862e-01 1.4841753e-02 8.6167772e-01 -4.5134132e-04
2.3201607e+02 -3.3795102e+01 -5.3009709e+00 -5.4815542e+01 5.2084955e-01 1.4071222e-02 8.5352986e-01 -2.1279300e-03
2.3243243e+02 -2.9889538e+01 -5.2558874e+00 -5.2843934e+01 5.2688019e-01 1.2222411e-02 8.4984343e-01 -3.7448414e-03
2.3284871e+02 -2.5730412e+01 -5.1921182e+00 -5.0766791e+01 5.3172238e-01 1.4211896e-02 8.4675319e-01 -8.8522388e-03
2.3326498e+02 -2.1726092e+01 -5.1004060e+00 -4.8825157e+01 5.3572767e-01 1.3283457e-02 8.4421689e-01 -1.0828503e-02
2.3368109e+02 -1.7783227e+01 -5.0151316e+00 -4.6970838e+01 5.4024848e-01 1.4434366e-02 8.4131814e-01 -1.0344561e-02
2.3409712e+02 -1.3856129e+01 -4.9150956e+00 -4.5202602e+01 5.4099037e-01 1.2452593e-02 8.4085010e-01 -1.2060830e-02
2.3451314e+02 -9.8614708e+00 -4.8296150e+00 -4.3394104e+01 5.4607573e-01 1.4498046e-02 8.3749037e-01 -1.4177074e-02
2.3492916e+02 -6.0354675e+00 -4.7340305e+00 -4.1719738e+01 5.5040713e-01 1.2693157e-02 8.3471500e-01 -1.1905380e-02
2.3534530e+02 -2.1363952e+00 -4.6687840e+00 -4.0076094e+01 5.5516250e-01 1.3144656e-02 8.3157961e-01 -9.8571050e-03
2.3576138e+02 1.7295325e+00 -4.5903987e+00 -3.8452102e+01 5.6188629e-01 1.2086096e-02 8.2707984e-01 -8.7556898e-03
2.3617755e+02 5.5496469e+00 -4.5347637e+00 -3.6959477e+01 5.6194721e-01 1.2314280e-02 8.2699563e-01 -1.1913267e-02
2.3659372e+02 9.2950007e+00 -4.4542747e+00 -3.5465379e+01 5.6556965e-01 1.1510518e-02 8.2453963e-01 -1.1527099e-02
2.3700983e+02 1.2913205e+01 -4.4068442e+00 -3.4061399e+01 5.6786852e-01 1.2249332e-02 8.2292690e-01 -1.2907988e-02
2.3742605e+02 1.6380488e+01 -4.3399291e+00 -3.2746280e+01 5.6904375e-01 1.2856989e-02 8.2207801e-01 -1.4548427e-02
2.3784231e+02 1.9657834e+01 -4.2609464e+00 -3.1513738e+01 5.7208320e-01 1.6421475e-02 8.1980272e-01 -1.9355918e-02
2.3825867e+02 2.2664527e+01 -4.1507973e+00 -3.0451467e+01 5.6959988e-01 1.2471094e-02 8.2167591e-01 -1.5784352e-02
2.3867514e+02 2.5316863e+01 -4.1040149e+00 -2.9429544e+01 5.7057820e-01 1.6652395e-02 8.2088727e-01 -1.7530015e-02
2.3909180e+02 2.7813393e+01 -4.0461746e+00 -2.8466673e+01 5.7225594e-01 1.3740169e-02 8.1978863e-01 -1.6761412e-02
2.3950865e+02 2.9975787e+01 -3.9809471e+00 -2.7703832e+01 5.7184849e-01 1.2662431e-02 8.2007221e-01 -1.7621972e-02
2.3992549e+02 3.1885807e+01 -3.9676720e+00 -2.7001737e+01 5.7932841e-01 1.3979705e-02 8.1475411e-01 -1.8944828e-02
2.4034222e+02 3.3413215e+01 -3.9179670e+00 -2.6469960e+01 5.8013627e-01 6.3541515e-03 8.1435870e-01 -1.4880965e-02
2.4075876e+02 3.4612696e+01 -3.9128664e+00 -2.6046278e+01 5.7551088e-01 5.4133400e-03 8.1766023e-01 -1.3771826e-02
2.4117500e+02 3.5670963e+01 -3.9071343e+00 -2.5640365e+01 5.6253907e-01 7.2135752e-03 8.2663827e-01 -1.2919917e-02
2.4159096e+02 3.6524227e+01 -3.8895779e+00 -2.5272459e+01 5.3182722e-01 7.0774147e-03 8.4673039e-01 -1.2544320e-02
2.4200759e+02 3.7320736e+01 -3.8723974e+00 -2.4778696e+01 5.1830004e-01 1.2631117e-02 8.5499436e-01 -1.3790088e-02
2.4242467e+02 3.7470103e+01 -3.8795643e+00 -2.4646423e+01 5.1400898e-01 1.3387499e-02 8.5759582e-01 -1.2039859e-02
2.4284176e+02 3.7427889e+01 -3.8884758e+00 -2.4675589e+01 5.1419883e-01 8.1550275e-03 8.5756680e-01 -1.0594300e-02
2.4325873e+02 3.7415668e+01 -3.8672923e+00 -2.4653807e+01 5.1453481e-01 8.1390731e-03 8.5736164e-01 -1.0894784e-02
2.4367573e+02 3.7418140e+01 -3.8865413e+00 -2.4687606e+01 5.1374825e-01 1.0216855e-02 8.5780824e-01 -1.1107482e-02
2.4409269e+02 3.7425912e+01 -3.8856197e+00 -2.4673610e+01 5.1406012e-01 1.0349764e-02 8.5761672e-01 -1.1341429e-02
2.4450964e+02 3.7417145e+01 -3.8701436e+00 -2.4686647e+01 5.1347455e-01 1.0481376e-02 8.5796767e-01 -1.1203275e-02
2.4492655e+02 3.7416857e+01 -3.8777159e+00 -2.4663397e+01 5.1451518e-01 1.0662428e-02 8.5734044e-01 -1.1305147e-02
2.4534347e+02 3.7398238e+01 -3.8715425e+00 -2.4620175e+01 5.1482157e-01 1.0292162e-02 8.5715783e-01 -1.1544839e-02
2.4576034e+02 3.7404164e+01 -3.8543137e+00 -2.4700858e+01 5.1201700e-01 7.8922402e-03 8.5886725e-01 -1.1106449e-02
2.4617717e+02 3.7420492e+01 -3.8752977e+00 -2.4658699e+01 5.1407605e-01 9.6447867e-03 8.5761853e-01 -1.1101629e-02
2.4659397e+02 3.7428989e+01 -3.8588115e+00 -2.4679111e+01 5.1382113e-01 7.8713914e-03 8.5779173e-01 -1.0919591e-02
2.4701082e+02 3.7423397e+01 -3.8981339e+00 -2.4655813e+01 5.1511601e-01 1.1496582e-02 8.5696342e-01 -1.1705563e-02
2.4742763e+02 3.7427510e+01 -3.8881903e+00 -2.4666985e+01 5.1445108e-01 1.0281483e-02 8.5737892e-01 -1.1651636e-02
2.4784448e+02 3.7421235e+01 -3.8854814e+00 -2.4661877e+01 5.1461490e-01 9.8626483e-03 8.5728828e-01 -1.1446887e-02
2.4826135e+02 3.7428163e+01 -3.8743234e+00 -2.4676131e+01 5.1361262e-01 8.9968685e-03 8.5790565e-01 -1.0910097e-02
2.4867808e+02 3.7418333e+01 -3.8823458e+00 -2.4664361e+01 5.1380031e-01 1.0229147e-02 8.5777054e-01 -1.1589023e-02
2.4909486e+02 3.7445770e+01 -3.8726658e+00 -2.4674348e+01 5.1364317e-01 9.1952370e-03 8.5788392e-01 -1.1014460e-02
2.4951162e+02 3.7508128e+01 -3.8612443e+00 -2.4636837e+01 5.1241792e-01 8.7675680e-03 8.5863004e-01 -1.0269339e-02
2.4992830e+02 3.7602262e+01 -3.8796403e+00 -2.4594657e+01 5.0684367e-01 6.6271986e-03 8.6196341e-01 -9.2010241e-03
2.5034455e+02 3.8002328e+01 -3.8771586e+00 -2.4332830e+01 4.8837517e-01 5.5055410e-03 8.7259616e-01 -5.9438700e-03
2.5076027e+02 3.8695580e+01 -3.8497759e+00 -2.3790235e+01 4.4669301e-01 6.2653827e-03 8.9463255e-01 -7.6611018e-03
2.5117564e+02 3.9489524e+01 -3.8329038e+00 -2.3727533e+01 4.0036645e-01 1.1001145e-02 9.1624401e-01 -9.0881639e-03
2.5159088e+02 4.0543334e+01 -3.8106347e+00 -2.3958332e+01 3.3145902e-01 1.7312695e-02 9.4329848e-01 -4.8130026e-03
2.5200639e+02 4.2491598e+01 -3.7438374e+00 -2.3600015e+01 3.1299665e-01 1.8083361e-02 9.4957633e-01 -3.2996151e-03
2.5242247e+02 4.3591056e+01 -3.6795920e+00 -2.1754712e+01 2.1337485e-01 1.6997908e-02 9.7681179e-01 -4.5788954e-03
2.5283927e+02 4.3807077e+01 -3.5821317e+00 -2.0765781e+01 1.7690251e-01 1.6677056e-02 9.8400276e-01 -1.2881695e-02
2.5325629e+02 4.4451010e+01 -3.5444009e+00 -1.9530915e+01 1.1968110e-01 1.2893486e-02 9.9248984e-01 -2.1774230e-02
2.5367343e+02 4.4923079e+01 -3.5326519e+00 -1.8593366e+01 6.7089220e-02 1.1539799e-02 9.9750675e-01 -1.8604954e-02
2.5409098e+02 4.5128226e+01 -3.4944350e+00 -1.7623347e+01 3.3231494e-02 8.6684353e-03 9.9929801e-01 -1.4966964e-02
2.5450872e+02 4.5276229e+01 -3.5144358e+00 -1.6268042e+01 3.0685598e-02 1.0893277e-02 9.9941972e-01 -9.9979023e-03
2.5492605e+02 4.5467761e+01 -3.4223978e+00 -1.3058997e+01 2.8777818e-02 1.2075392e-02 9.9943740e-01 -1.2284127e-02
2.5534302e+02 4.5667900e+01 -3.3560294e+00 -8.4991999e+00 2.7073052e-02 1.8652385e-02 9.9937664e-01 -1.2863519e-02
2.5575982e+02 4.5820148e+01 -3.2307993e+00 -3.9043579e+00 2.2101844e-02 1.8254509e-02 9.9948148e-01 -1.4664936e-02
2.5617648e+02 4.5977561e+01 -3.1382017e+00 6.9895622e-01 1.7239619e-02 1.9288227e-02 9.9957361e-01 -1.3540711e-02
2.5659312e+02 4.6079326e+01 -3.0321697e+00 5.2222874e+00 2.0380982e-02 1.6129915e-02 9.9956278e-01 -1.4095917e-02
2.5700968e+02 4.6275788e+01 -2.9798798e+00 9.7393959e+00 1.7301283e-02 1.6336972e-02 9.9960625e-01 -1.4869958e-02
2.5742617e+02 4.6412596e+01 -2.8679689e+00 1.4145579e+01 2.0268541e-02 1.8506397e-02 9.9944034e-01 -1.9123205e-02
2.5784273e+02 4.6557083e+01 -2.7834223e+00 1.8597457e+01 1.9643834e-02 1.4483838e-02 9.9959413e-01 -1.4693668e-02
2.5825925e+02 4.6705120e+01 -2.6984782e+00 2.2977771e+01 2.0173511e-02 1.8243869e-02 9.9950565e-01 -1.5768220e-02
2.5867579e+02 4.6862428e+01 -2.6108061e+00 2.7295985e+01 1.9519675e-02 1.7826786e-02 9.9950480e-01 -1.7068660e-02
2.5909235e+02 4.7003976e+01 -2.5459744e+00 3.1578262e+01 1.7747813e-02 2.0327537e-02 9.9955579e-01 -1.2649995e-02
2.5950896e+02 4.7126456e+01 -2.4261872e+00 3.5791206e+01 1.4564473e-02 1.9983750e-02 9.9961295e-01 -1.2746689e-02
2.5992550e+02 4.7213982e+01 -2.3217363e+00 4.0002611e+01 1.4754936e-02 1.9688117e-02 9.9961537e-01 -1.2797800e-02
2.6034211e+02 4.7329234e+01 -2.2191898e+00 4.4148099e+01 1.7162582e-02 1.9301584e-02 9.9957303e-01 -1.3662280e-02
2.6075870e+02 4.7462430e+01 -2.1499169e+00 4.8311696e+01 2.1962918e-02 2.2641790e-02 9.9943197e-01 -1.1862257e-02
2.6117534e+02 4.7629635e+01 -2.0233079e+00 5.2368441e+01 2.1283350e-02 1.5509361e-02 9.9958437e-01 -1.1728779e-02
2.6159206e+02 4.7842726e+01 -1.9454899e+00 5.6388089e+01 3.0406420e-02 2.2332652e-02 9.9921774e-01 -1.1857859e-02
2.6200865e+02 4.8058663e+01 -1.8808608e+00 6.0377509e+01 3.0859100e-02 1.2039273e-02 9.9935538e-01 -1.3841599e-02
2.6242526e+02 4.8223425e+01 -1.8128962e+00 6.4443407e+01 3.4441880e-02 1.9202858e-02 9.9916374e-01 -1.0808550e-02
2.6284182e+02 4.8489628e+01 -1.6710643e+00 6.8628769e+01 2.6911424e-02 2.7376704e-02 9.9918276e-01 -1.2653339e-02
2.6325859e+02 4.8725261e+01 -1.4739370e+00 7.2929208e+01 2.6672728e-02 1.5917185e-02 9.9939009e-01 -1.5957837e-02
2.6367528e+02 4.8935203e+01 -1.4050836e+00 7.7281809e+01 2.6314369e-02 1.6596209e-02 9.9940287e-01 -1.5034401e-02
2.6409182e+02 4.9126220e+01 -1.2938052e+00 8.1929406e+01 2.3285514e-02 1.5734199e-02 9.9950932e-01 -1.3832349e-02
2.6450839e+02 4.9304342e+01 -1.1942896e+00 8.6541931e+01 2.1256057e-02 1.8364827e-02 9.9948065e-01 -1.5790821e-02
2.6492492e+02 4.9430878e+01 -1.0854387e+00 9.1079461e+01 1.6653181e-02 1.7051580e-02 9.9961134e-01 -1.4459465e-02
2.6534151e+02 4.9580726e+01 -1.0031823e+00 9.5575498e+01 1.5061753e-02 1.9517921e-02 9.9957935e-01 -1.5274669e-02
